0.031
0.03
0.03
0.052
0.052
0.254
0.333
0.029
0.039
0.395
0.029
0.059
0.027
0.027
0.027
0.032
0.041
0.128
0.031
0.027
0.027
0.161
0.039
0.055
0.029
0.033
0.032
0.071
0.081
0.03
0.511
0.034
0.044
0.027
0.044
0.027
0.031
0.04
0.033
0.03
0.028
0.104
0.128
0.028
0.033
0.027
0.027
0.027
0.032
0.032
0.032
0.048
0.029
0.511
0.033
0.034
0.048
0.032
0.032
0.055
0.033
0.468
0.03
0.078
0.031
0.19
0.03
0.033
0.108
0.031
0.029
0.029
0.032
0.08
0.027
0.117
0.04
0.032
0.141
0.039
0.032
0.029
0.141
0.033
0.027
0.027
0.027
0.027
0.027
0.027
0.027
0.027
0.027
0.028
0.03
0.027
0.027
0.027
0.027
0.027
0.027
0.027
0.027
0.027
0.044
0.027
0.029
0.029
0.027
0.027
0.044
0.029
0.068
0.029
0.027
0.356
0.029
0.027
0.027
0.027
0.08
0.032
0.027
0.027
0.058
0.031
0.027
0.029
0.985
0.029
0.058
0.033
0.371
0.058
0.027
0.028
0.03
0.136
0.027
0.027
0.027
0.028
0.032
0.027
0.032
0.029
0.029
0.027
0.027
0.032
0.429
0.027
0.031
0.027
0.03
0.027
0.028
0.032
0.031
0.027
0.027
0.027
0.028
0.027
0.033
0.031
0.002
0.032
0.027
0.029
0.031
0.027
0.027
0.029
0.027
0.03
0.031
0.028
0.027
0.027
0.027
0.029
0.029
0.027
0.027
0.033
0.027
0.027
0.027
0.291
0.027
0.029
0.027
0.027
0.046
0.027
0.027
0.043
0.027
0.027
0.028
0.027
0.033
0.027
0.027
0.027
0.027
0.027
0.029
0.029
0.029
0.027
0.027
0.067
0.032
0.027
0.027
0.148
0.04
0.027
0.027
0.032
0.027
0.027
0.027
0.027
0.027
0.027
0.027
0.027
0.027
0.027
0.027
0.057
0.03
0.027
0.029
0.027
0.029
0.027
0.027
0.128
0.028
0.033
0.027
0.041
0.029
0.027
0.029
0.027
0.027
0.027
0.027
0.027
0.032
0.044
0.027
0.03
0.029
0.027
0.027
0.046
0.027
0.055
0.027
0.027
0.002
0.03
0.027
0.027
0.029
0.027
0.027
0.027
0.048
0.027
0.029
0.027
0.027
0.027
0.027
0.027
0.027
0.027
0.027
0.027
0.027
0.027
0.027
0.027
0.027
0.027
0.027
0.029
0.034
0.027
0.027
0.027
0.027
0.027
0.027
0.027
0.027
0.041
0.027
0.041
0.027
0.027
0.027
0.027
0.027
0.029
0.027
0.027
0.002
0.193
0.027
0.044
0.042
0.104
0.033
0.115
0.044
0.027
0.027
0.027
0.027
0.048
0.027
0.027
0.027
0.027
0.027
0.027
0.027
0.027
0.027
0.031
0.027
