0.001
0.014
0.011
0.183
0.001
0.15
0.205
0.001
0.429
0.001
0.001
0.001
0.001
0.001
0.001
0.001
0.001
0.052
0.001
0.126
0.745
0.141
0.001
0.026
0.001
0.004
0.042
0.001
0.183
0.051
0.213
0.002
0.075
0.003
0.03
0.005
0.001
0.026
0.001
0.001
0.043
0.052
0.042
0.095
0.026
0.013
0.001
0.02
0.001
0.095
0.008
0.518
0.131
0.285
0.757
0.302
0.89
0.422
0.682
0.302
0.237
0.838
0.248
0.04
0.491
0.167
0.869
0.71
0.192
0.526
0.205
0.11
0.526
0.682
0.858
0.222
0.757
0.167
0.378
0.437
0.378
0.285
0.943
0.321
0.988
0.183
0.342
0.627
0.274
0.879
1
0.437
0.263
0.192
0.914
0.321
0.397
0.757
0.248
0.064
0.285
0.47
0.503
0.09
0.988
0.192
