0.121
0.665
0.665
0.665
0.912
0.665
0.665
0.176
0.121
0.121
0.121
0.912
0.121
0.121
0.176
0.855
0.121
0.121
0.665
0.665
0.121
0.665
0.121
0.665
0.665
0.121
0.665
0.121
0.665
0.121
0.665
0.665
0.665
0.121
0.912
0.121
0.121
0.121
0.121
0.912
0.121
0.121
0.665
0.121
0.121
0.665
0.121
0.121
0.251
0.251
0.855
0.121
0.121
0.121
0.121
0.665
0.121
0.121
0.665
0.121
0.665
0.121
0.665
0.665
0.176
0.665
0.121
0.121
0.912
0.121
0.665
0.665
0.665
0.665
0.176
0.665
0.121
0.665
0.121
0.121
0.912
0.121
0.665
0.665
0.176
0.855
0.665
0.665
0.251
0.121
0.121
0.855
0.665
0.121
0.121
0.121
0.121
0.121
0.176
0.665
0.665
0.251
0.121
0.121
0.665
0.121
0.665
0.665
0.912
0.121
0.121
0.251
0.665
0.121
0.121
0.912
0.912
0.855
0.251
0.912
0.121
0.665
0.121
0.665
0.855
0.121
0.912
0.912
0.121
0.121
0.121
0.121
