0.343
0.34
0.34
0.343
0.34
0.34
0.342
0.343
0.34
0.345
0.34
0.343
0.34
0.34
0.34
0.34
0.34
0.34
0.34
0.38
0.343
0.34
0.34
0.34
0.34
0.34
0.34
0.348
0.34
0.344
0.34
0.342
0.343
0.341
0.34
0.343
0.342
0.34
0.34
0.343
0.34
0.343
0.343
0.34
0.34
0.34
0.34
0.34
0.343
0.341
0.34
0.34
0.34
0.343
0.341
0.34
0.343
0.343
0.343
0.34
0.34
0.34
0.34
0.355
0.34
0.342
0.38
0.34
0.341
0.34
0.342
0.343
0.39
0.34
0.366
0.348
0.348
0.343
0.341
0.341
0.34
0.343
0.34
0.34
0.343
0.34
0.343
0.343
0.34
0.34
0.348
0.34
0.34
0.348
0.342
0.341
0.342
0.34
0.34
0.343
0.34
