0.001
0.001
0.002
0.001
0.001
0.001
0.021
0.001
0.001
0.007
0.001
0.023
0.004
0.021
0.001
0.001
0.001
0.001
0.032
0.002
0.002
0.001
0.001
0.001
0.001
0.001
0.001
0.001
0.001
0.001
0.001
0.001
0.001
0.001
0.001
0.021
0.025
0.02
0.194
0.001
0.001
0.114
0.021
0.062
0.015
0.001
0.065
0.02
0.001
0.001
0.013
0.001
0.001
0.021
0.001
0.001
0.001
0.015
0.007
0.001
0.001
0.001
0.187
0.001
0.001
0.001
0.001
0.036
0.001
0.001
0.001
0.007
0.001
0.001
0.295
0.001
0.021
0.001
0.007
0.001
0.001
0.001
0.001
0.001
0.001
0.295
0.001
0.051
0.001
0.001
0.007
0.001
0.001
0.001
0.001
0.023
0.022
0.001
0.007
0.001
0.001
0.001
0.001
0.001
0.001
0.001
0.001
0.025
0.177
0.001
0.001
0.483
0.001
0.281
0.001
0.001
0.001
0.001
0.001
0.001
0.004
0.007
0.001
0.001
0.253
0.007
0.001
0.001
0.001
0.001
0.001
0.001
0.001
0.001
0.032
0.002
0.001
0.001
0.001
0.001
0.007
0.001
0.001
0.007
0.001
0.015
0.001
0.001
0.001
0.001
0.007
0.001
0.001
0.001
0.002
0.001
0.001
0.009
0.001
0.001
0.001
0.001
0.002
0.007
0.001
0.008
0.001
0.027
0.001
0.002
0.001
0.001
0.001
0.001
0.001
0.001
0.001
0.021
0.001
0.001
0.001
0.001
0.001
0.001
0.107
0.02
0.007
0.001
0.001
0.001
0.001
0.025
0.001
0.002
0.001
0.001
0.001
0.001
0.001
0.001
0.001
0.001
0.001
0.001
0.001
0.045
0.001
0.001
0.029
0.001
0.001
0.001
0.001
0.001
0.055
0.001
0.004
0.341
0.001
0.015
0.008
0.001
0.001
0.001
0.001
0.001
0.002
0.001
0.001
0.001
0.001
0.001
0.001
0.001
0.001
0.023
0.001
0.004
0.001
0.025
0.202
0.023
0.001
0.001
0.001
0.001
0.023
0.001
0.001
0.002
0.001
0.001
0.001
0.007
0.001
0.001
0.001
0.001
0.001
0.002
0.027
0.001
0.001
0.001
0.007
0.001
0.001
0.234
0.001
0.015
0.001
0.001
0.001
0.001
0.017
0.023
0.001
0.001
0.688
0.021
0.001
0.001
0.001
0.001
0.016
0.023
0.001
0.342
0.001
0.001
0.001
0.002
0.001
0.001
0.814
0.001
0.001
0.001
0.002
0.157
0.001
0.342
0.001
0.001
0.001
0.001
0.001
0.001
0.002
0.001
0.814
0.001
0.001
0.001
0.001
0.022
0.001
0.688
0.001
0.001
0.001
0.007
0.058
