0.001
0.001
0.889
0.033
0.083
0.023
0.696
0.001
0.001
0.001
0.001
0.001
0.001
0.001
0.001
0.001
0.005
0.001
0.001
0.001
0.001
0.001
0.001
0.001
0.001
0.001
0.001
0.001
0.001
0.001
0.001
0.001
0.001
0.001
0.001
0.001
0.001
0.001
0.001
0.001
0.001
0.001
0.001
0.001
0.001
0.001
0.001
0.001
0.001
0.001
0.001
0.001
0.001
0.001
0.005
0.001
0.001
0.001
0.001
0.001
0.001
0.001
0.001
0.001
0.001
0.001
0.001
0.001
0.001
0.001
0.001
0.773
0.001
0.005
0.001
0.651
0.37
0.124
0.029
0.001
0.001
0.001
0.001
0.001
0.001
0.219
0.001
0.001
0.002
0.001
0.001
0.001
0.001
0.001
0.003
0.39
0.635
0.016
0.001
0.001
0.256
0.001
0.007
0.569
0.366
0.001
0.001
0.01
0.001
0.001
0.001
0.001
0.001
0.001
0.001
0.008
0.001
0.001
0.001
0.001
0.001
0.001
0.001
0.001
0.001
0.001
0.001
0.001
0.001
0.563
0.001
0.001
0.001
0.001
0.001
0.001
0.001
0.001
0.001
0.001
0.008
0.001
0.001
0.001
0.001
0.001
0.001
0.001
0.001
0.001
0.001
0.676
0.001
0.001
0.001
0.001
0.001
0.005
0.001
0.001
0.44
0.285
0.059
0.001
0.713
0.001
0.004
0.028
0.131
0.001
0.001
0.001
0.001
0.619
0.001
0.001
0.5
0.001
0.001
0.001
0.005
0.001
0.001
0.001
0.001
0.001
0.001
0.001
0.005
0.001
0.001
0.001
0.001
0.001
0.001
0.001
0.001
0.001
0.001
0.001
0.001
0.001
0.001
0.001
0.001
0.001
0.001
0.001
0.001
0.001
0.001
0.001
0.001
0.001
0.001
0.745
0.017
0.001
0.001
0.001
0.001
0.005
0.001
0.001
0.001
0.001
0.001
0.001
0.001
0.001
0.001
0.001
0.001
0.001
0.001
0.001
0.001
0.001
0.001
0.001
0.001
0.001
0.002
0.001
0.001
0.001
0.001
0.001
0.001
0.001
0.001
0.001
0.001
0.001
0.001
0.001
0.001
0.001
0.001
0.001
0.001
0.018
0.001
0.001
0.001
0.001
0.001
0.536
0.001
0.001
0.001
0.001
0.001
0.001
0.005
0.359
0.001
0.001
0.001
0.001
0.001
0.01
0.001
0.001
0.001
0.001
0.008
0.001
0.001
0.008
0.002
0.001
0.001
0.001
0.001
0.008
0.001
0.001
0.001
0.001
0.001
0.001
0.001
0.001
0.001
0.001
0.001
0.001
0.001
0.001
0.001
0.001
0.001
0.001
0.001
0.159
0.055
0.001
0.001
0.001
0.001
0.001
0.124
0.017
0.001
0.684
0.001
0.001
0.001
0.001
0.001
0.001
0.001
0.001
0.001
0.001
0.001
0.001
0.001
0.001
0.001
0.005
0.005
0.001
0.001
0.001
0.001
0.001
0.001
0.001
0.001
0.001
0.004
0.001
0.001
0.539
0.001
0.001
0.001
0.001
0.001
0.004
0.001
0.001
0.001
0.577
0.001
0.001
0.001
0.001
0.002
0.001
0.68
0.342
0.001
0.59
0.001
0.071
0.001
0.001
0.001
0.001
0.828
0.001
0.526
0.675
0.005
0.001
0.919
0.001
0.644
0.001
0.001
0.597
0.567
0.004
0.001
0.322
0.001
0.001
0.001
0.001
0.055
0.001
0.001
0.001
0.005
0.353
0.001
0.001
0.001
0.001
0.001
0.033
0.001
0.001
0.001
0.001
0.001
0.001
0.001
0.001
0.001
0.001
0.001
0.001
0.001
0.001
0.001
0.001
0.001
0.001
0.001
0.001
0.001
