0.001
0.277
0.001
0.072
0.001
0.003
0.001
0.001
0.001
0.001
0.001
0.001
0.082
0.001
0.941
0.046
0.001
0.001
0.01
0.001
0.1
0.003
0.001
0.012
0.001
0.108
0.001
0.001
0.001
0.001
0.001
0.001
0.203
0.001
0.001
0.001
0.005
0.001
0.005
0.07
0.793
0.438
0.005
0.032
0.003
0.001
0.108
0.001
0.001
0.702
0.723
0.073
0.105
0.259
0.006
0.01
0.006
0.954
0.003
0.096
0.01
0.001
0.008
0.094
0.001
0.402
0.001
0.003
0.954
0.001
0.001
0.515
0.005
0.003
0.259
0.002
0.001
0.001
0.001
0.001
0.002
0.001
0.001
0.001
0.497
0.113
0.102
0.161
0.001
0.001
0.001
0.001
0.001
0.001
0.001
0.001
0.001
0.001
0.192
0.015
0.098
0.234
0.001
0.01
0.069
0.956
0.001
0.005
0.001
0.341
0.093
0.027
0.005
0.003
0.001
0.001
0.005
0.021
0.001
0.001
0.001
0.001
0.003
0.003
0.069
0.001
0.071
0.001
0.093
0.001
0.001
0.001
0.006
0.001
0.001
0.001
0.001
0.001
0.001
0.001
0.001
0.001
0.488
0.001
0.001
0.001
0.046
0.001
0.003
0.027
0.001
0.085
0.003
0.001
0.001
0.002
0.001
0.001
0.001
0.01
0.028
0.001
0.001
0.005
0.001
0.001
0.01
0.061
0.001
0.001
0.001
0.001
0.001
0.005
0.003
0.005
0.001
0.061
0.001
0.003
0.001
0.001
0.001
0.002
0.003
0.001
0.014
0.005
0.008
0.001
0.001
0.005
0.001
0.001
0.001
0.001
0.212
0.001
0.001
0.001
0.047
0.002
0.001
0.001
0.001
0.003
0.022
0.001
0.001
0.001
0.003
0.005
0.001
0.002
0.001
0.382
0.001
0.001
0.211
0.001
0.001
0.002
0.61
0.023
0.006
0.001
0.003
0.066
0.001
0.001
0.028
0.954
0.102
0.002
0.003
0.001
0.047
0.72
0.066
0.01
0.005
0.001
0.001
0.001
0.001
0.001
0.001
0.037
0.001
0.001
0.001
0.006
0.544
0.005
0.008
0.003
0.001
0.001
0.001
0.061
0.005
0.015
0.003
0.002
0.6
0.001
0.005
0.003
0.586
0.001
0.024
0.001
0.003
0.066
0.001
0.001
0.001
0.001
0.001
0.314
0.001
0.001
0.003
0.002
0.034
0.005
0.002
0.001
0.043
0.01
0.001
0.001
0.048
0.003
0.001
0.002
0.452
0.005
0.001
0.113
0.003
0.001
0.003
0.001
0.003
0.005
0.001
0.001
0.933
0.001
0.001
0.001
0.024
0.001
0.001
0.64
0.003
0.094
0.001
0.574
0.082
0.001
0.001
0.002
0.001
0.001
0.005
0.001
0.005
0.001
0.032
0.001
0.003
0.003
0.033
0.001
0.003
0.001
0.001
0.003
0.002
0.001
0.001
0.001
0.113
0.001
0.01
0.001
0.027
0.075
0.001
0.001
0.481
0.098
0.001
0.001
0.297
0.005
0.107
0.251
0.004
0.01
0.003
0.005
0.001
0.001
0.003
0.005
0.001
0.001
0.001
0.001
0.001
0.001
0.001
0.001
0.001
0.001
0.002
0.002
0.001
0.01
0.003
0.001
0.001
0.168
0.003
0.003
0.001
0.002
0.001
0.001
0.001
0.001
0.001
0.001
0.001
0.001
0.001
0.001
0.999
0.001
0.001
0.001
0.001
0.001
0.001
0.001
0.005
0.001
0.001
0.001
0.007
0.001
0.005
0.182
0.003
0.001
0.218
0.001
0.003
0.002
0.002
0.001
0.001
0.001
0.001
0.024
0.001
0.001
0.001
0.002
0.001
0.001
0.745
0.001
0.005
0.001
0.001
0.001
0.001
0.003
0.001
0.001
0.001
0.001
0.001
0.001
0.001
0.003
0.001
0.001
0.001
0.005
0.001
0.956
0.003
0.043
0.001
0.001
0.001
0.001
0.001
0.001
0.001
0.106
0.003
0.037
0.001
0.001
0.001
0.001
0.001
0.001
0.001
0.001
0.001
0.001
0.001
0.002
0.001
0.001
0.087
0.003
0.001
0.001
0.001
0.003
0.041
0.071
0.001
0.002
0.001
0.005
0.003
0.001
0.001
0.001
0.001
0.001
0.001
0.001
0.001
0.001
0.001
0.001
0.146
0.001
0.001
0.001
0.001
0.001
0.001
0.001
0.009
0.003
0.001
0.001
0.001
0.005
0.001
0.001
0.005
0.003
0.001
0.001
0.001
0.001
0.001
0.001
0.005
0.001
0.001
0.001
0.001
0.001
0.001
0.001
0.001
0.001
0.001
0.001
0.001
0.001
0.001
0.001
0.001
0.001
0.001
0.481
0.001
0.001
0.005
0.005
0.001
0.001
0.003
0.001
0.001
0.001
0.001
0.001
0.001
0.001
0.001
0.001
0.001
0.001
0.058
0.003
0.003
0.01
0.001
0.001
0.012
0.001
0.001
0.001
0.001
0.001
0.001
0.002
0.002
0.001
0.001
0.001
0.001
0.001
0.096
0.001
0.031
0.003
0.002
0.001
0.003
0.001
0.001
0.001
0.001
0.001
0.001
0.001
0.001
0.01
0.046
0.061
0.001
0.001
0.001
0.001
0.003
0.005
0.003
0.001
0.001
0.001
0.001
0.001
0.001
0.001
0.001
0.072
0.001
0.001
0.001
0.001
0.882
0.001
0.001
0.001
0.001
0.001
0.001
0.014
0.001
0.001
0.105
0.003
0.001
0.001
0.001
0.001
0.001
0.001
0.001
0.001
0.001
0.001
0.048
0.001
0.002
0.001
0.001
0.001
0.001
0.001
0.001
0.005
0.041
0.001
0.001
0.001
0.001
0.001
0.001
0.001
0.005
0.001
0.087
0.002
0.01
0.001
0.001
0.001
0.001
0.001
0.001
0.001
0.001
0.001
0.003
0.003
0.001
0.001
0.001
0.001
0.001
0.001
0.001
0.001
0.001
0.005
0.001
0.001
0.001
0.001
0.093
0.107
0.12
