0.001
0.001
0.001
0.001
0.001
0.001
0.001
0.001
0.011
0.004
0.001
0.001
0.001
0.001
0.001
0.001
0.001
0.001
0.001
0.001
0.001
0.001
0.001
0.001
0.001
0.001
0.001
0.001
0.001
0.001
0.001
0.001
0.001
0.001
0.001
0.001
0.001
0.001
0.001
0.001
0.001
0.001
0.001
0.001
0.001
0.001
0.01
0.001
0.004
0.001
0.001
0.001
0.001
0.001
0.001
0.004
0.001
0.001
0.024
0.001
0.001
0.001
0.003
0.001
0.001
0.001
0.001
0.001
0.001
0.001
0.019
0.001
0.001
0.001
0.001
0.001
0.001
0.01
0.011
0.001
0.003
0.008
0.001
0.001
0.001
0.011
0.001
0.001
0.001
0.007
0.007
0.001
0.001
0.009
0.001
0.003
0.001
0.011
0.011
0.005
0.011
0.001
0.001
0.001
0.049
0.009
0.001
0.007
0.017
0.002
0.001
0.111
0.001
0.02
0.038
0.002
0.007
0.001
0.001
0.001
0.001
0.001
0.001
0.001
0.001
0.001
0.001
0.001
0.001
0.001
0.001
0.001
0.001
0.001
0.001
0.001
0.001
0.001
0.001
0.001
0.001
0.001
0.002
0.001
0.001
0.001
0.001
0.008
0.001
0.001
0.001
0.001
0.001
0.001
0.001
0.024
0.01
0.001
0.001
0.009
0.001
0.001
0.001
0.012
0.001
0.001
0.001
0.001
0.001
0.064
0.018
0.001
0.001
0.001
0.001
0.004
0.001
0.001
0.001
0.001
0.001
0.004
0.001
0.001
0.001
0.001
0.001
0.001
0.001
0.001
0.001
0.001
0.001
0.001
0.009
0.005
0.001
0.001
0.001
0.001
0.001
0.001
0.001
0.001
0.001
0.001
0.557
0.001
0.001
0.001
0.001
0.07
0.001
0.001
0.001
0.001
0.001
0.001
0.001
0.002
0.001
0.001
0.001
0.001
0.001
0.001
0.001
0.111
0.001
0.001
0.001
0.001
0.001
0.001
0.001
0.001
0.001
0.001
0.001
0.001
0.036
0.001
0.001
0.001
0.001
0.001
0.001
0.001
0.001
0.001
0.001
0.001
0.001
0.001
0.001
0.001
0.001
0.001
0.001
0.001
0.001
0.003
0.001
0.008
0.001
0.001
0.001
0.001
0.001
0.003
0.851
0.001
0.001
0.001
0.001
0.001
0.001
0.004
0.001
0.001
0.001
0.001
0.001
0.001
0.001
0.001
0.001
0.001
0.001
0.009
0.001
0.001
0.001
0.001
0.001
0.001
0.001
0.001
0.001
0.001
0.001
0.001
0.001
0.001
0.001
0.011
0.001
0.001
0.001
0.009
0.001
0.001
0.001
0.001
0.001
0.002
0.001
0.793
0.784
0.036
0.001
0.607
0.001
0.001
0.001
0.001
0.001
0.011
0.002
0.001
0.174
0.001
0.001
0.001
0.001
0.001
0.001
0.006
0.001
0.001
0.001
0.001
0.001
0.001
0.001
0.001
0.001
0.001
0.001
0.001
0.001
0.001
0.001
0.001
0.001
0.001
0.001
0.001
0.001
0.001
0.001
0.001
0.001
0.002
0.001
0.001
0.001
0.002
0.007
0.002
0.001
0.001
0.007
0.001
0.001
0.008
0.001
0.002
0.001
0.001
0.001
0.001
0.004
0.006
0.001
0.001
0.001
0.001
0.001
0.001
0.001
0.001
0.001
0.001
0.001
0.001
0.001
0.003
0.001
0.001
0.001
0.001
0.001
0.001
0.001
0.004
0.005
0.003
0.001
0.001
0.001
0.001
0.001
0.001
0.001
0.003
0.001
0.001
0.001
0.006
0.001
0.001
0.001
0.001
0.001
0.001
0.001
0.001
0.001
0.001
0.001
0.001
0.001
0.001
0.001
0.007
0.001
0.007
0.001
0.001
0.001
0.001
0.005
0.001
0.005
0.001
0.001
0.001
0.001
0.001
0.001
0.001
0.001
0.001
0.001
0.001
0.174
0.001
0.001
0.001
0.001
0.001
0.001
0.001
0.003
0.001
0.001
0.001
0.001
0.001
0.001
0.001
0.001
0.001
0.001
0.001
0.001
0.019
0.001
0.16
0.001
0.001
0.001
0.001
0.001
0.007
0.001
0.001
0.001
0.001
0.001
0.001
0.001
0.001
0.019
0.001
0.001
0.001
0.001
0.001
0.001
0.001
0.001
0.001
0.001
0.001
0.001
0.001
0.001
0.001
0.001
0.001
0.001
0.001
0.007
0.001
0.001
0.001
0.001
0.001
0.001
0.001
0.001
0.002
0.001
0.001
0.001
0.003
0.019
0.004
0.001
0.001
0.001
0.001
0.001
0.022
0.001
0.001
0.001
0.001
0.002
0.001
0.012
0.001
0.059
0.02
0.018
0.001
0.001
0.001
0.001
0.001
0.001
0.001
0.01
0.001
0.001
0.001
0.001
0.001
0.001
0.001
0.001
0.001
0.001
0.001
0.001
0.001
0.001
0.001
0.001
0.001
0.001
0.001
0.001
0.001
0.001
0.001
0.001
0.001
0.001
0.005
0.001
0.011
0.056
0.001
0.001
0.001
0.001
0.001
0.001
0.001
0.851
0.001
0.001
0.001
0.001
0.001
0.001
0.001
0.001
0.022
0.001
0.001
0.001
0.001
0.001
0.001
0.001
0.001
0.001
0.011
0.001
0.001
0.001
0.001
0.001
0.007
0.001
0.001
0.001
0.041
0.557
0.001
0.001
0.001
0.001
0.001
0.001
0.001
0.001
0.002
0.001
0.001
0.001
0.001
0.001
0.001
0.001
0.001
0.001
0.003
0.001
0.001
0.001
0.001
0.001
0.001
0.001
0.001
0.001
0.001
0.001
0.001
0.001
0.003
0.001
0.001
0.001
0.001
0.001
0.001
0.001
0.001
0.002
0.001
0.001
0.001
0.001
0.001
0.001
0.001
0.001
0.012
0.001
0.001
0.002
0.001
0.001
0.001
0.001
0.001
0.001
0.001
0.001
0.001
0.001
0.025
0.001
0.001
