0.001
0.178
0.414
0.006
0.376
0.533
0.016
0.418
0.568
0.337
0.734
0.981
0.473
0.926
0.87
0.521
0.983
0.794
0.303
0.692
0.95
0.449
0.88
0.909
0.506
0.962
0.816
0.004
0.286
0.474
0.016
0.431
0.571
0.02
0.491
0.596
0.407
0.806
0.968
0.523
0.987
0.783
0.549
0.962
0.706
0.38
0.782
0.99
0.51
0.967
0.807
0.541
0.987
0.735
0.004
0.303
0.497
0.016
0.449
0.574
0.022
0.506
0.602
0.414
0.863
0.937
0.533
0.999
0.75
0.568
0.934
0.689
0.39
0.806
0.969
0.521
0.983
0.794
0.548
0.968
0.706
0.004
0.303
0.497
0.016
0.449
0.574
0.022
0.506
0.602
0.414
0.863
0.937
0.533
0.999
0.75
0.568
0.934
0.689
0.39
0.806
0.969
0.521
0.983
0.794
0.548
0.968
0.706
0.004
0.34
0.517
0.02
0.473
0.588
0.042
0.523
0.621
0.446
0.88
0.91
0.548
0.969
0.714
0.574
0.909
0.664
0.414
0.863
0.934
0.534
0.994
0.749
0.569
0.932
0.682
0.015
0.408
0.548
0.042
0.526
0.621
0.064
0.554
0.653
0.506
0.962
0.816
0.581
0.89
0.657
0.613
0.807
0.621
0.482
0.931
0.863
0.572
0.931
0.679
0.596
0.863
0.639
0.016
0.414
0.568
0.043
0.533
0.639
0.074
0.568
0.671
0.517
0.981
0.795
0.588
0.87
0.645
0.621
0.794
0.62
0.505
0.95
0.827
0.574
0.909
0.664
0.603
0.816
0.624
0.016
0.414
0.568
0.043
0.533
0.639
0.074
0.568
0.671
0.517
0.981
0.795
0.588
0.87
0.645
0.621
0.794
0.62
0.505
0.95
0.827
0.574
0.909
0.664
0.603
0.816
0.624
0.016
0.449
0.574
0.058
0.548
0.649
0.089
0.577
0.692
0.533
0.999
0.568
0.599
0.827
0.494
0.639
0.533
0.458
0.521
0.983
0.794
0.588
0.869
0.526
0.621
0.557
0.505
0.022
0.508
0.611
0.089
0.581
0.704
0.164
0.619
0.782
0.569
0.932
0.526
0.639
0.739
0.414
0.674
0.473
0.384
0.549
0.962
0.548
0.621
0.535
0.467
0.655
0.517
0.431
0.042
0.517
0.621
0.093
0.588
0.734
0.164
0.621
0.806
0.574
0.91
0.517
0.645
0.505
0.411
0.691
0.467
0.376
0.568
0.934
0.545
0.639
0.533
0.458
0.672
0.51
0.414
0.042
0.517
0.621
0.093
0.588
0.734
0.164
0.621
0.806
0.574
0.91
0.517
0.645
0.505
0.411
0.691
0.467
0.376
0.568
0.934
0.545
0.639
0.533
0.458
0.672
0.51
0.414
0.016
0.449
0.574
0.058
0.548
0.649
0.089
0.577
0.692
0.533
0.999
0.611
0.599
0.827
0.548
0.639
0.574
0.526
0.521
0.983
0.794
0.588
0.869
0.574
0.621
0.599
0.549
0.022
0.508
0.611
0.089
0.581
0.704
0.164
0.619
0.782
0.569
0.932
0.574
0.639
0.739
0.508
0.674
0.541
0.473
0.549
0.962
0.596
0.621
0.581
0.533
0.655
0.57
0.516
0.042
0.517
0.621
0.093
0.588
0.734
0.164
0.621
0.806
0.574
0.91
0.57
0.645
0.549
0.496
0.691
0.533
0.467
0.568
0.934
0.588
0.639
0.574
0.526
0.672
0.559
0.508
0.042
0.517
0.621
0.093
0.588
0.734
0.164
0.621
0.806
0.574
0.91
0.57
0.645
0.549
0.496
0.691
0.533
0.467
0.568
0.934
0.588
0.639
0.574
0.526
0.672
0.559
0.508
0.004
0.306
0.506
0.016
0.452
0.577
0.022
0.508
0.611
0.414
0.863
0.934
0.534
0.994
0.749
0.569
0.932
0.682
0.407
0.806
0.968
0.523
0.987
0.783
0.549
0.962
0.706
0.006
0.38
0.54
0.026
0.51
0.619
0.049
0.544
0.639
0.482
0.931
0.863
0.572
0.931
0.679
0.596
0.863
0.639
0.466
0.893
0.881
0.557
0.957
0.704
0.582
0.88
0.65
0.01
0.405
0.548
0.042
0.523
0.621
0.058
0.548
0.652
0.505
0.95
0.827
0.574
0.909
0.664
0.603
0.816
0.624
0.473
0.926
0.869
0.569
0.932
0.682
0.588
0.863
0.639
0.01
0.405
0.548
0.042
0.523
0.621
0.058
0.548
0.652
0.505
0.95
0.827
0.574
0.909
0.664
0.603
0.816
0.624
0.473
0.926
0.869
0.569
0.932
0.682
0.588
0.863
0.639
0.016
0.418
0.568
0.043
0.535
0.639
0.074
0.571
0.674
0.521
0.983
0.506
0.588
0.869
0.384
0.621
0.449
0.346
0.506
0.962
0.816
0.581
0.89
0.431
0.613
0.495
0.407
0.02
0.491
0.596
0.076
0.572
0.681
0.118
0.597
0.739
0.549
0.962
0.431
0.621
0.775
0.307
0.655
0.38
0.285
0.541
0.987
0.474
0.619
0.466
0.376
0.64
0.414
0.317
0.022
0.506
0.602
0.089
0.577
0.692
0.163
0.611
0.757
0.568
0.934
0.414
0.639
0.407
0.289
0.672
0.376
0.249
0.548
0.968
0.467
0.621
0.449
0.346
0.653
0.412
0.307
0.022
0.506
0.602
0.089
0.577
0.692
0.163
0.611
0.757
0.568
0.934
0.414
0.639
0.407
0.289
0.672
0.376
0.249
0.548
0.968
0.467
0.621
0.449
0.346
0.653
0.412
0.307
0.042
0.523
0.621
0.098
0.588
0.734
0.164
0.621
0.806
0.574
0.909
0.467
0.65
0.706
0.346
0.693
0.411
0.303
0.569
0.932
0.682
0.639
0.739
0.405
0.674
0.458
0.372
0.064
0.554
0.653
0.166
0.621
0.81
0.258
0.66
0.893
0.613
0.807
0.405
0.706
0.653
0.282
0.782
0.32
0.182
0.596
0.863
0.436
0.682
0.414
0.317
0.749
0.384
0.286
0.074
0.568
0.671
0.18
0.639
0.863
0.286
0.674
0.926
0.621
0.794
0.384
0.734
0.372
0.244
0.806
0.317
0.178
0.603
0.816
0.431
0.693
0.411
0.303
0.775
0.376
0.282
0.074
0.568
0.671
0.18
0.639
0.863
0.286
0.674
0.926
0.621
0.794
0.384
0.734
0.372
0.244
0.806
0.317
0.178
0.603
0.816
0.431
0.693
0.411
0.303
0.775
0.376
0.282
0.042
0.523
0.621
0.098
0.588
0.734
0.164
0.621
0.806
0.574
0.909
0.533
0.65
0.706
0.433
0.693
0.496
0.41
0.569
0.932
0.682
0.639
0.739
0.49
0.674
0.526
0.449
0.064
0.554
0.653
0.166
0.621
0.81
0.258
0.66
0.893
0.613
0.807
0.49
0.706
0.653
0.376
0.782
0.428
0.318
0.596
0.863
0.523
0.682
0.508
0.414
0.749
0.473
0.384
0.074
0.568
0.671
0.18
0.639
0.863
0.286
0.674
0.926
0.621
0.794
0.473
0.734
0.449
0.348
0.806
0.414
0.313
0.603
0.816
0.516
0.693
0.496
0.41
0.775
0.467
0.376
0.074
0.568
0.671
0.18
0.639
0.863
0.286
0.674
0.926
0.621
0.794
0.473
0.734
0.449
0.348
0.806
0.414
0.313
0.603
0.816
0.516
0.693
0.496
0.41
0.775
0.467
0.376
0.016
0.449
0.574
0.058
0.548
0.649
0.089
0.577
0.692
0.533
0.999
0.568
0.599
0.827
0.494
0.639
0.533
0.458
0.521
0.983
0.794
0.588
0.869
0.526
0.621
0.557
0.505
0.022
0.508
0.611
0.089
0.581
0.704
0.164
0.619
0.782
0.569
0.932
0.526
0.639
0.739
0.414
0.674
0.473
0.384
0.549
0.962
0.548
0.621
0.535
0.467
0.655
0.517
0.431
0.042
0.517
0.621
0.093
0.588
0.734
0.164
0.621
0.806
0.574
0.91
0.517
0.645
0.505
0.411
0.691
0.467
0.376
0.568
0.934
0.545
0.639
0.533
0.458
0.672
0.51
0.414
0.042
0.517
0.621
0.093
0.588
0.734
0.164
0.621
0.806
0.574
0.91
0.517
0.645
0.505
0.411
0.691
0.467
0.376
0.568
0.934
0.545
0.639
0.533
0.458
0.672
0.51
0.414
0.043
0.533
0.639
0.162
0.602
0.75
0.18
0.639
0.863
0.588
0.87
0.473
0.67
0.689
0.372
0.734
0.414
0.317
0.574
0.909
0.664
0.65
0.706
0.411
0.693
0.467
0.376
0.074
0.571
0.674
0.18
0.639
0.863
0.286
0.681
0.931
0.621
0.783
0.411
0.734
0.639
0.286
0.806
0.346
0.201
0.613
0.807
0.458
0.706
0.431
0.32
0.782
0.405
0.289
0.076
0.574
0.691
0.208
0.649
0.88
0.303
0.692
0.95
0.631
0.75
0.405
0.75
0.376
0.282
0.863
0.32
0.182
0.621
0.794
0.436
0.734
0.414
0.317
0.806
0.384
0.286
0.076
0.574
0.691
0.208
0.649
0.88
0.303
0.692
0.95
0.631
0.75
0.405
0.75
0.376
0.282
0.863
0.32
0.182
0.621
0.794
0.436
0.734
0.414
0.317
0.806
0.384
0.286
0.093
0.588
0.734
0.286
0.671
0.926
0.343
0.734
0.983
0.645
0.523
0.433
0.796
0.414
0.313
0.88
0.384
0.043
0.639
0.749
0.597
0.756
0.467
0.376
0.863
0.428
0.02
0.164
0.621
0.806
0.346
0.736
0.987
0.41
0.81
0.962
0.693
0.467
0.376
0.881
0.344
0.201
0.962
0.297
0.02
0.674
0.508
0.414
0.863
0.384
0.074
0.931
0.348
0.016
0.178
0.639
0.863
0.376
0.75
0.999
0.414
0.863
0.934
0.727
0.449
0.348
0.926
0.318
0.074
0.981
0.287
0.016
0.691
0.496
0.41
0.88
0.384
0.043
0.95
0.344
0.006
0.178
0.639
0.863
0.376
0.75
0.999
0.414
0.863
0.934
0.727
0.449
0.348
0.926
0.318
0.074
0.981
0.287
0.016
0.691
0.496
0.41
0.88
0.384
0.043
0.95
0.344
0.006
0.093
0.588
0.734
0.286
0.671
0.926
0.343
0.734
0.983
0.645
0.572
0.34
0.796
0.506
0.288
0.88
0.142
0.043
0.639
0.749
0.597
0.756
0.533
0.34
0.863
0.167
0.02
0.164
0.621
0.806
0.346
0.736
0.987
0.41
0.81
0.962
0.693
0.533
0.288
0.881
0.431
0.208
0.962
0.09
0.02
0.674
0.557
0.34
0.863
0.142
0.074
0.931
0.142
0.016
0.178
0.639
0.863
0.376
0.75
0.999
0.414
0.863
0.934
0.727
0.526
0.288
0.926
0.09
0.074
0.981
0.09
0.016
0.691
0.548
0.34
0.88
0.142
0.043
0.95
0.142
0.006
0.178
0.639
0.863
0.376
0.75
0.999
0.414
0.863
0.934
0.727
0.526
0.288
0.926
0.09
0.074
0.981
0.09
0.016
0.691
0.548
0.34
0.88
0.142
0.043
0.95
0.142
0.006
0.02
0.473
0.588
0.074
0.568
0.665
0.093
0.588
0.734
0.548
0.973
0.62
0.621
0.795
0.549
0.645
0.581
0.533
0.533
0.999
0.75
0.599
0.827
0.574
0.639
0.611
0.559
0.042
0.523
0.621
0.098
0.588
0.734
0.164
0.621
0.806
0.574
0.909
0.574
0.65
0.706
0.516
0.693
0.548
0.49
0.569
0.932
0.599
0.639
0.588
0.541
0.674
0.574
0.523
0.043
0.533
0.626
0.142
0.599
0.75
0.178
0.639
0.863
0.586
0.872
0.574
0.664
0.559
0.508
0.727
0.541
0.473
0.574
0.91
0.596
0.645
0.581
0.533
0.691
0.57
0.516
0.043
0.533
0.626
0.142
0.599
0.75
0.178
0.639
0.863
0.586
0.872
0.574
0.664
0.559
0.508
0.727
0.541
0.473
0.574
0.91
0.596
0.645
0.581
0.533
0.691
0.57
0.516
0.057
0.548
0.645
0.164
0.621
0.795
0.208
0.649
0.88
0.598
0.596
0.548
0.689
0.533
0.467
0.75
0.516
0.043
0.588
0.87
0.645
0.67
0.559
0.508
0.734
0.541
0.02
0.089
0.577
0.692
0.214
0.652
0.88
0.307
0.704
0.962
0.639
0.559
0.508
0.756
0.49
0.384
0.863
0.449
0.02
0.621
0.581
0.533
0.734
0.523
0.074
0.806
0.496
0.016
0.093
0.588
0.726
0.285
0.665
0.91
0.337
0.734
0.981
0.645
0.549
0.496
0.794
0.473
0.074
0.872
0.433
0.016
0.631
0.574
0.526
0.75
0.516
0.043
0.863
0.49
0.006
0.093
0.588
0.726
0.285
0.665
0.91
0.337
0.734
0.981
0.645
0.549
0.496
0.794
0.473
0.074
0.872
0.433
0.016
0.631
0.574
0.526
0.75
0.516
0.043
0.863
0.49
0.006
0.142
0.599
0.75
0.297
0.691
0.937
0.376
0.75
0.999
0.664
0.574
0.34
0.848
0.514
0.288
0.926
0.142
0.007
0.645
0.714
0.586
0.796
0.536
0.34
0.88
0.167
0.004
0.18
0.639
0.863
0.376
0.757
0.994
0.428
0.863
0.932
0.734
0.536
0.288
0.926
0.449
0.208
0.987
0.09
0.004
0.693
0.568
0.34
0.881
0.142
0.016
0.962
0.142
0.002
0.201
0.645
0.87
0.384
0.795
0.973
0.446
0.88
0.91
0.75
0.533
0.288
0.937
0.09
0.016
0.999
0.09
0.002
0.727
0.557
0.34
0.926
0.142
0.007
0.981
0.142
0.001
0.201
0.645
0.87
0.384
0.795
0.973
0.446
0.88
0.91
0.75
0.533
0.288
0.937
0.09
0.016
0.999
0.09
0.002
0.727
0.557
0.34
0.926
0.142
0.007
0.981
0.142
0.001
0.142
0.599
0.75
0.297
0.691
0.937
0.376
0.75
0.999
0.664
0.621
0.042
0.848
0.568
0.022
0.926
0.006
0.007
0.645
0.714
0.586
0.796
0.582
0.042
0.88
0.016
0.004
0.18
0.639
0.863
0.376
0.757
0.994
0.428
0.863
0.932
0.734
0.582
0.022
0.926
0.526
0.016
0.987
0.004
0.004
0.693
0.619
0.042
0.881
0.006
0.016
0.962
0.006
0.002
0.201
0.645
0.87
0.384
0.795
0.973
0.446
0.88
0.91
0.75
0.581
0.022
0.937
0.004
0.016
0.999
0.004
0.002
0.727
0.599
0.042
0.926
0.006
0.007
0.981
0.006
0.001
0.201
0.645
0.87
0.384
0.795
0.973
0.446
0.88
0.91
0.75
0.581
0.022
0.937
0.004
0.016
0.999
0.004
0.002
0.727
0.599
0.042
0.926
0.006
0.007
0.981
0.006
0.001
