0.001
0.001
0.144
0.001
0.001
0.001
0.001
0.001
0.001
0.001
0.001
0.001
0.001
0.001
0.001
0.001
0.001
0.001
0.001
0.001
0.001
0.001
0.001
0.001
0.001
0.001
0.001
0.001
0.001
0.001
0.001
0.001
0.001
0.001
0.001
0.001
0.001
0.001
0.001
0.001
0.001
0.006
0.001
0.001
0.001
0.001
0.001
0.025
0.001
0.001
0.002
0.001
0.001
0.001
0.001
0.001
0.001
0.001
0.157
0.001
0.001
0.001
0.001
0.001
0.001
0.001
0.001
0.001
0.006
0.001
0.001
0.001
0.001
0.001
0.007
0.001
0.001
0.001
0.001
0.001
0.001
0.001
0.001
0.006
0.001
0.001
0.001
0.001
0.001
0.002
0.032
0.001
0.002
0.001
0.001
0.001
0.001
0.001
0.001
0.001
0.001
0.001
0.001
0.001
0.001
0.001
0.001
0.001
0.001
0.001
0.001
0.001
0.001
0.001
0.001
0.001
0.001
0.001
0.001
0.001
0.001
0.001
0.004
0.001
0.001
0.001
0.001
0.001
0.001
0.001
0.001
0.027
0.001
0.001
0.001
0.004
0.001
0.001
0.001
0.001
0.001
0.001
0.001
0.001
0.011
0.001
0.001
0.001
