0.1
0.946
0.851
0.774
0.922
0.973
0.774
0.986
0.054
0.104
0.518
0.861
0.316
0.028
0.774
0.773
0.107
0.076
0.526
0.946
0.175
0.303
0.278
0.263
0.439
0.439
0.874
0.488
0.259
0.031
0.895
0.691
0.316
0.175
0.922
0.114
0.526
0.13
0.142
0.9
0.237
0.385
0.303
0.031
0.263
0.953
0.1
0.175
0.895
0.316
0.973
0.024
0.024
0.114
0.145
0.175
0.237
0.278
0.278
0.486
0.266
0.385
0.577
0.946
0.448
0.439
0.114
0.233
0.822
0.526
0.54
0.175
0.259
0.33
0.893
0.916
0.028
0.856
0.385
0.486
0.973
0.114
0.973
0.316
0.893
0.973
0.278
0.526
0.665
0.13
0.123
0.972
0.544
0.13
0.316
0.107
0.031
0.074
0.568
0.526
0.439
0.175
0.142
0.237
0.6
0.175
0.56
0.526
0.816
0.054
0.518
0.544
0.946
0.114
0.263
0.524
0.9
0.973
0.708
0.822
0.292
0.814
0.114
0.395
0.856
0.1
0.946
0.874
0.028
0.518
0.142
0.263
0.102
0.946
0.846
0.776
0.922
0.984
0.776
0.993
0.052
0.106
0.524
0.86
0.33
0.027
0.776
0.773
0.107
0.072
0.53
0.946
0.187
0.319
0.304
0.283
0.432
0.432
0.875
0.491
0.279
0.031
0.891
0.696
0.33
0.187
0.922
0.112
0.53
0.126
0.15
0.896
0.254
0.387
0.319
0.031
0.283
0.96
0.102
0.187
0.891
0.33
0.983
0.02
0.02
0.112
0.162
0.189
0.254
0.304
0.304
0.489
0.287
0.387
0.584
0.946
0.444
0.432
0.112
0.251
0.823
0.53
0.55
0.189
0.279
0.342
0.891
0.909
0.027
0.856
0.387
0.489
0.984
0.112
0.984
0.33
0.891
0.983
0.304
0.53
0.673
0.126
0.122
0.979
0.56
0.126
0.33
0.107
0.031
0.067
0.576
0.53
0.432
0.189
0.15
0.254
0.605
0.187
0.569
0.53
0.813
0.052
0.524
0.56
0.946
0.112
0.283
0.529
0.896
0.984
0.709
0.823
0.309
0.813
0.112
0.398
0.856
0.102
0.946
0.875
0.027
0.524
0.15
0.283
0.102
0.948
0.857
0.783
0.93
0.985
0.783
0.991
0.051
0.106
0.522
0.866
0.324
0.031
0.783
0.779
0.109
0.066
0.529
0.948
0.182
0.308
0.292
0.274
0.446
0.446
0.881
0.495
0.27
0.037
0.904
0.706
0.324
0.182
0.93
0.117
0.529
0.13
0.143
0.907
0.246
0.398
0.308
0.037
0.274
0.958
0.102
0.182
0.904
0.324
0.984
0.025
0.025
0.117
0.155
0.186
0.246
0.292
0.292
0.493
0.276
0.398
0.578
0.948
0.456
0.446
0.117
0.239
0.831
0.529
0.544
0.186
0.27
0.339
0.904
0.923
0.031
0.863
0.398
0.493
0.985
0.117
0.985
0.324
0.904
0.984
0.292
0.529
0.68
0.13
0.127
0.979
0.548
0.13
0.324
0.109
0.037
0.062
0.564
0.529
0.446
0.186
0.143
0.246
0.605
0.182
0.558
0.529
0.82
0.051
0.522
0.548
0.948
0.117
0.274
0.528
0.907
0.985
0.725
0.831
0.3
0.82
0.117
0.409
0.863
0.102
0.948
0.881
0.031
0.522
0.143
0.274
0.109
0.958
0.85
0.781
0.935
0.986
0.781
0.99
0.06
0.111
0.546
0.874
0.346
0.031
0.781
0.78
0.114
0.079
0.553
0.958
0.196
0.336
0.304
0.273
0.463
0.463
0.891
0.518
0.27
0.038
0.907
0.703
0.346
0.196
0.935
0.121
0.553
0.143
0.167
0.91
0.25
0.403
0.336
0.038
0.273
0.971
0.109
0.196
0.907
0.346
0.986
0.026
0.026
0.121
0.174
0.2
0.25
0.304
0.304
0.516
0.278
0.403
0.595
0.958
0.475
0.463
0.121
0.243
0.82
0.553
0.565
0.2
0.27
0.36
0.906
0.923
0.031
0.861
0.403
0.516
0.986
0.121
0.986
0.346
0.906
0.986
0.304
0.553
0.683
0.143
0.136
0.984
0.57
0.143
0.346
0.114
0.038
0.074
0.586
0.553
0.463
0.2
0.167
0.25
0.609
0.196
0.577
0.553
0.812
0.06
0.546
0.57
0.958
0.121
0.273
0.553
0.91
0.986
0.723
0.82
0.316
0.809
0.121
0.407
0.861
0.109
0.958
0.891
0.031
0.546
0.167
0.273
0.078
0.943
0.845
0.775
0.92
0.982
0.775
0.994
0.037
0.08
0.538
0.857
0.326
0.018
0.775
0.775
0.082
0.056
0.543
0.942
0.171
0.314
0.288
0.265
0.45
0.45
0.871
0.502
0.258
0.023
0.891
0.703
0.326
0.171
0.92
0.092
0.543
0.113
0.131
0.895
0.237
0.396
0.314
0.023
0.265
0.953
0.078
0.171
0.891
0.326
0.98
0.011
0.011
0.092
0.135
0.174
0.237
0.288
0.288
0.5
0.269
0.396
0.595
0.943
0.46
0.45
0.092
0.231
0.823
0.543
0.558
0.174
0.258
0.339
0.889
0.91
0.018
0.849
0.396
0.5
0.982
0.092
0.982
0.326
0.889
0.98
0.288
0.543
0.681
0.113
0.106
0.975
0.564
0.113
0.326
0.082
0.023
0.048
0.581
0.543
0.45
0.174
0.131
0.237
0.615
0.171
0.576
0.543
0.815
0.037
0.538
0.564
0.943
0.092
0.265
0.542
0.895
0.982
0.716
0.823
0.296
0.815
0.092
0.406
0.849
0.078
0.943
0.871
0.018
0.538
0.131
0.265
0.081
0.945
0.847
0.774
0.921
0.98
0.774
0.99
0.037
0.085
0.539
0.858
0.335
0.02
0.774
0.772
0.09
0.054
0.547
0.944
0.169
0.313
0.295
0.266
0.469
0.469
0.872
0.519
0.258
0.024
0.899
0.697
0.335
0.169
0.921
0.097
0.547
0.119
0.139
0.901
0.235
0.421
0.313
0.024
0.266
0.956
0.081
0.169
0.899
0.335
0.976
0.017
0.017
0.097
0.145
0.174
0.235
0.295
0.295
0.516
0.27
0.421
0.594
0.945
0.481
0.469
0.097
0.228
0.815
0.547
0.562
0.174
0.258
0.35
0.899
0.915
0.02
0.856
0.421
0.516
0.98
0.097
0.98
0.335
0.899
0.976
0.295
0.547
0.674
0.119
0.111
0.975
0.566
0.119
0.335
0.09
0.024
0.05
0.586
0.547
0.469
0.174
0.139
0.235
0.612
0.169
0.577
0.547
0.809
0.037
0.539
0.566
0.945
0.097
0.266
0.544
0.901
0.98
0.708
0.815
0.301
0.808
0.097
0.43
0.856
0.081
0.945
0.872
0.02
0.539
0.139
0.266
0.105
0.953
0.854
0.789
0.928
0.983
0.789
0.991
0.057
0.109
0.56
0.869
0.362
0.033
0.789
0.789
0.111
0.076
0.566
0.952
0.196
0.346
0.326
0.297
0.478
0.478
0.878
0.541
0.29
0.039
0.897
0.714
0.362
0.196
0.928
0.122
0.566
0.143
0.154
0.902
0.262
0.421
0.346
0.039
0.297
0.965
0.105
0.196
0.897
0.362
0.981
0.024
0.024
0.122
0.16
0.199
0.262
0.326
0.326
0.541
0.3
0.421
0.606
0.953
0.489
0.478
0.122
0.251
0.822
0.566
0.581
0.199
0.29
0.374
0.897
0.917
0.033
0.861
0.421
0.541
0.983
0.122
0.983
0.362
0.897
0.981
0.326
0.566
0.69
0.143
0.133
0.978
0.584
0.143
0.362
0.111
0.039
0.072
0.598
0.566
0.478
0.199
0.154
0.262
0.624
0.196
0.591
0.566
0.816
0.057
0.56
0.584
0.953
0.122
0.297
0.566
0.902
0.983
0.728
0.822
0.338
0.815
0.122
0.432
0.861
0.105
0.953
0.878
0.033
0.56
0.154
0.297
0.093
0.948
0.849
0.779
0.921
0.974
0.779
0.98
0.051
0.097
0.543
0.861
0.31
0.022
0.779
0.777
0.102
0.067
0.552
0.947
0.169
0.3
0.273
0.241
0.453
0.453
0.871
0.508
0.236
0.032
0.893
0.713
0.31
0.169
0.921
0.114
0.552
0.132
0.142
0.895
0.218
0.39
0.3
0.032
0.241
0.954
0.093
0.169
0.893
0.31
0.972
0.018
0.018
0.114
0.148
0.17
0.218
0.273
0.273
0.506
0.248
0.39
0.612
0.948
0.462
0.453
0.114
0.214
0.824
0.552
0.573
0.17
0.236
0.326
0.893
0.913
0.022
0.852
0.39
0.506
0.974
0.114
0.974
0.31
0.893
0.972
0.273
0.552
0.695
0.132
0.122
0.969
0.581
0.132
0.31
0.102
0.032
0.065
0.6
0.552
0.453
0.17
0.142
0.218
0.633
0.169
0.595
0.552
0.818
0.051
0.543
0.581
0.948
0.114
0.241
0.55
0.895
0.974
0.724
0.824
0.286
0.816
0.114
0.404
0.852
0.093
0.948
0.871
0.022
0.543
0.142
0.241
0.115
0.947
0.836
0.769
0.92
0.988
0.769
0.993
0.064
0.121
0.538
0.844
0.355
0.034
0.769
0.768
0.124
0.086
0.549
0.946
0.205
0.338
0.313
0.293
0.467
0.467
0.865
0.514
0.285
0.039
0.891
0.705
0.355
0.205
0.92
0.132
0.549
0.15
0.168
0.896
0.257
0.415
0.338
0.039
0.293
0.958
0.115
0.205
0.891
0.355
0.983
0.022
0.022
0.132
0.173
0.207
0.257
0.313
0.313
0.511
0.294
0.415
0.601
0.947
0.479
0.467
0.132
0.255
0.807
0.549
0.56
0.207
0.285
0.356
0.89
0.909
0.034
0.839
0.415
0.511
0.988
0.132
0.988
0.355
0.89
0.983
0.313
0.549
0.681
0.15
0.14
0.979
0.568
0.15
0.355
0.124
0.039
0.082
0.585
0.549
0.467
0.207
0.168
0.257
0.616
0.205
0.581
0.549
0.8
0.064
0.538
0.568
0.947
0.132
0.293
0.546
0.896
0.988
0.716
0.807
0.327
0.798
0.132
0.424
0.839
0.115
0.947
0.865
0.034
0.538
0.168
0.293
0.105
0.943
0.831
0.768
0.917
0.976
0.768
0.985
0.057
0.107
0.524
0.843
0.34
0.025
0.768
0.768
0.108
0.076
0.533
0.943
0.183
0.326
0.301
0.277
0.453
0.453
0.861
0.494
0.271
0.031
0.89
0.687
0.34
0.183
0.917
0.112
0.533
0.121
0.144
0.893
0.247
0.396
0.326
0.031
0.277
0.953
0.105
0.183
0.89
0.34
0.974
0.023
0.023
0.112
0.149
0.186
0.247
0.301
0.301
0.493
0.28
0.396
0.58
0.943
0.458
0.453
0.112
0.243
0.808
0.533
0.546
0.186
0.271
0.354
0.888
0.909
0.025
0.838
0.396
0.493
0.976
0.112
0.976
0.34
0.888
0.974
0.301
0.533
0.668
0.121
0.12
0.968
0.554
0.121
0.34
0.108
0.031
0.072
0.575
0.533
0.453
0.186
0.144
0.247
0.599
0.183
0.57
0.533
0.8
0.057
0.524
0.554
0.943
0.112
0.277
0.531
0.893
0.976
0.702
0.808
0.316
0.8
0.112
0.405
0.838
0.105
0.943
0.861
0.025
0.524
0.144
0.277
0.117
0.954
0.853
0.783
0.932
0.987
0.783
0.991
0.06
0.118
0.56
0.866
0.343
0.029
0.783
0.78
0.121
0.08
0.567
0.954
0.186
0.329
0.307
0.278
0.462
0.462
0.887
0.533
0.271
0.033
0.906
0.722
0.343
0.186
0.932
0.126
0.567
0.144
0.157
0.909
0.251
0.405
0.329
0.033
0.278
0.964
0.117
0.186
0.906
0.343
0.982
0.027
0.027
0.126
0.161
0.187
0.251
0.307
0.307
0.528
0.283
0.405
0.621
0.954
0.473
0.462
0.126
0.249
0.831
0.567
0.588
0.187
0.271
0.355
0.905
0.921
0.029
0.861
0.405
0.528
0.987
0.126
0.987
0.343
0.905
0.982
0.307
0.567
0.697
0.144
0.136
0.982
0.592
0.144
0.343
0.121
0.033
0.073
0.612
0.567
0.462
0.187
0.157
0.251
0.648
0.186
0.607
0.567
0.821
0.06
0.56
0.592
0.954
0.126
0.278
0.567
0.909
0.987
0.732
0.831
0.314
0.821
0.126
0.414
0.861
0.117
0.954
0.887
0.029
0.56
0.157
0.278
0.082
0.96
0.849
0.772
0.938
0.987
0.772
0.992
0.038
0.082
0.537
0.86
0.316
0.018
0.772
0.77
0.083
0.054
0.545
0.96
0.163
0.302
0.276
0.259
0.447
0.447
0.881
0.506
0.254
0.023
0.908
0.706
0.316
0.163
0.938
0.094
0.545
0.117
0.135
0.911
0.234
0.394
0.302
0.023
0.259
0.966
0.082
0.163
0.908
0.316
0.985
0.011
0.011
0.094
0.143
0.167
0.234
0.276
0.276
0.502
0.26
0.394
0.584
0.96
0.458
0.447
0.094
0.228
0.819
0.545
0.559
0.167
0.254
0.327
0.908
0.929
0.018
0.853
0.394
0.502
0.987
0.094
0.987
0.316
0.908
0.985
0.276
0.545
0.681
0.117
0.111
0.984
0.565
0.117
0.316
0.083
0.023
0.05
0.58
0.545
0.447
0.167
0.135
0.234
0.619
0.163
0.572
0.545
0.806
0.038
0.537
0.565
0.96
0.094
0.259
0.543
0.911
0.987
0.724
0.819
0.288
0.805
0.094
0.41
0.853
0.082
0.96
0.881
0.018
0.537
0.135
0.259
0.103
0.938
0.82
0.762
0.912
0.978
0.762
0.988
0.045
0.109
0.527
0.837
0.339
0.022
0.762
0.758
0.117
0.07
0.536
0.935
0.193
0.326
0.314
0.293
0.444
0.444
0.859
0.498
0.286
0.027
0.882
0.688
0.339
0.193
0.912
0.124
0.536
0.15
0.165
0.886
0.261
0.395
0.326
0.027
0.293
0.953
0.103
0.193
0.882
0.339
0.973
0.018
0.018
0.124
0.174
0.198
0.261
0.314
0.314
0.493
0.295
0.395
0.585
0.938
0.45
0.444
0.124
0.256
0.8
0.536
0.551
0.198
0.286
0.348
0.881
0.899
0.022
0.828
0.395
0.493
0.978
0.124
0.978
0.339
0.881
0.973
0.314
0.536
0.669
0.15
0.14
0.969
0.556
0.15
0.339
0.117
0.027
0.068
0.579
0.536
0.444
0.198
0.165
0.261
0.605
0.193
0.567
0.536
0.795
0.045
0.527
0.556
0.938
0.124
0.293
0.535
0.886
0.978
0.698
0.8
0.319
0.795
0.124
0.41
0.828
0.103
0.938
0.859
0.022
0.527
0.165
0.293
0.092
0.937
0.831
0.771
0.915
0.979
0.771
0.987
0.058
0.096
0.547
0.84
0.327
0.032
0.771
0.771
0.099
0.072
0.551
0.936
0.17
0.31
0.293
0.272
0.466
0.466
0.863
0.52
0.262
0.039
0.885
0.705
0.327
0.17
0.915
0.108
0.551
0.121
0.134
0.888
0.242
0.4
0.31
0.039
0.272
0.951
0.092
0.17
0.885
0.327
0.974
0.027
0.027
0.108
0.14
0.172
0.242
0.293
0.293
0.516
0.276
0.4
0.596
0.937
0.475
0.466
0.108
0.235
0.808
0.551
0.566
0.172
0.262
0.344
0.883
0.905
0.032
0.837
0.4
0.516
0.979
0.108
0.979
0.327
0.883
0.974
0.293
0.551
0.685
0.121
0.115
0.968
0.57
0.121
0.327
0.099
0.039
0.07
0.589
0.551
0.466
0.172
0.134
0.242
0.619
0.17
0.586
0.551
0.803
0.058
0.547
0.57
0.937
0.108
0.272
0.548
0.888
0.979
0.715
0.808
0.3
0.802
0.108
0.409
0.837
0.092
0.937
0.863
0.032
0.547
0.134
0.272
0.094
0.952
0.852
0.785
0.924
0.983
0.785
0.993
0.048
0.096
0.538
0.863
0.335
0.029
0.785
0.783
0.097
0.069
0.546
0.951
0.172
0.322
0.292
0.269
0.448
0.448
0.884
0.51
0.262
0.034
0.908
0.706
0.335
0.172
0.924
0.102
0.546
0.129
0.145
0.91
0.243
0.398
0.322
0.034
0.269
0.963
0.094
0.172
0.908
0.335
0.98
0.023
0.023
0.102
0.153
0.173
0.243
0.292
0.292
0.507
0.278
0.398
0.597
0.952
0.461
0.448
0.102
0.237
0.827
0.546
0.567
0.173
0.262
0.346
0.907
0.917
0.029
0.857
0.398
0.507
0.983
0.102
0.983
0.335
0.907
0.98
0.292
0.546
0.683
0.129
0.121
0.979
0.572
0.129
0.335
0.097
0.034
0.067
0.588
0.546
0.448
0.173
0.145
0.243
0.62
0.172
0.584
0.546
0.82
0.048
0.538
0.572
0.952
0.102
0.269
0.545
0.91
0.983
0.718
0.827
0.31
0.816
0.102
0.408
0.857
0.094
0.952
0.884
0.029
0.538
0.145
0.269
0.087
0.947
0.836
0.765
0.916
0.985
0.765
0.994
0.046
0.09
0.533
0.845
0.33
0.028
0.765
0.762
0.096
0.064
0.538
0.944
0.182
0.318
0.291
0.273
0.444
0.444
0.869
0.505
0.271
0.03
0.893
0.69
0.33
0.182
0.916
0.104
0.538
0.128
0.146
0.894
0.25
0.398
0.318
0.03
0.273
0.958
0.087
0.182
0.893
0.33
0.984
0.023
0.023
0.104
0.152
0.187
0.25
0.291
0.291
0.505
0.278
0.398
0.587
0.947
0.459
0.444
0.104
0.247
0.801
0.538
0.551
0.187
0.271
0.344
0.891
0.907
0.028
0.839
0.398
0.505
0.985
0.104
0.985
0.33
0.891
0.984
0.291
0.538
0.667
0.128
0.119
0.974
0.559
0.128
0.33
0.096
0.03
0.062
0.572
0.538
0.444
0.187
0.146
0.25
0.607
0.182
0.568
0.538
0.792
0.046
0.533
0.559
0.947
0.104
0.273
0.538
0.894
0.985
0.704
0.801
0.303
0.792
0.104
0.407
0.839
0.087
0.947
0.869
0.028
0.533
0.146
0.273
0.1
0.946
0.845
0.787
0.923
0.979
0.787
0.992
0.063
0.103
0.537
0.859
0.315
0.029
0.787
0.783
0.109
0.075
0.544
0.945
0.188
0.303
0.286
0.272
0.443
0.443
0.876
0.504
0.268
0.037
0.898
0.695
0.315
0.188
0.923
0.119
0.544
0.136
0.158
0.905
0.253
0.389
0.303
0.037
0.272
0.956
0.1
0.188
0.898
0.315
0.973
0.018
0.018
0.119
0.16
0.19
0.253
0.286
0.286
0.501
0.273
0.389
0.59
0.946
0.459
0.443
0.119
0.248
0.829
0.544
0.561
0.19
0.268
0.329
0.897
0.917
0.029
0.855
0.389
0.501
0.979
0.119
0.979
0.315
0.897
0.973
0.286
0.544
0.679
0.136
0.127
0.969
0.565
0.136
0.315
0.109
0.037
0.074
0.581
0.544
0.443
0.19
0.158
0.253
0.615
0.188
0.576
0.544
0.82
0.063
0.537
0.565
0.946
0.119
0.272
0.543
0.905
0.979
0.714
0.829
0.294
0.82
0.119
0.398
0.855
0.1
0.946
0.876
0.029
0.537
0.158
0.272
0.104
0.944
0.838
0.772
0.918
0.979
0.772
0.991
0.064
0.104
0.516
0.85
0.327
0.034
0.772
0.768
0.106
0.077
0.525
0.942
0.188
0.315
0.299
0.274
0.433
0.433
0.864
0.487
0.271
0.039
0.884
0.695
0.327
0.188
0.918
0.109
0.525
0.142
0.162
0.89
0.247
0.381
0.315
0.039
0.274
0.955
0.104
0.188
0.884
0.327
0.974
0.029
0.029
0.109
0.168
0.192
0.247
0.299
0.299
0.486
0.275
0.381
0.58
0.944
0.443
0.433
0.109
0.241
0.81
0.525
0.543
0.192
0.271
0.337
0.883
0.907
0.034
0.845
0.381
0.486
0.979
0.109
0.979
0.327
0.883
0.974
0.299
0.525
0.671
0.142
0.126
0.971
0.547
0.142
0.327
0.106
0.039
0.076
0.569
0.525
0.433
0.192
0.162
0.247
0.605
0.188
0.557
0.525
0.802
0.064
0.516
0.547
0.944
0.109
0.274
0.525
0.89
0.979
0.71
0.81
0.306
0.801
0.109
0.396
0.845
0.104
0.944
0.864
0.034
0.516
0.162
0.274
0.106
0.945
0.85
0.771
0.926
0.983
0.771
0.99
0.063
0.11
0.541
0.866
0.349
0.032
0.771
0.767
0.111
0.08
0.547
0.945
0.194
0.336
0.304
0.282
0.459
0.459
0.88
0.514
0.275
0.038
0.898
0.697
0.349
0.194
0.926
0.116
0.547
0.14
0.156
0.904
0.251
0.418
0.336
0.038
0.282
0.954
0.106
0.194
0.898
0.349
0.983
0.026
0.026
0.116
0.163
0.198
0.251
0.304
0.304
0.51
0.285
0.418
0.596
0.945
0.467
0.459
0.116
0.247
0.82
0.547
0.563
0.198
0.275
0.364
0.898
0.917
0.032
0.857
0.418
0.51
0.983
0.116
0.983
0.349
0.898
0.983
0.304
0.547
0.677
0.14
0.133
0.977
0.568
0.14
0.349
0.111
0.038
0.076
0.588
0.547
0.459
0.198
0.156
0.251
0.62
0.194
0.576
0.547
0.81
0.063
0.541
0.568
0.945
0.116
0.282
0.546
0.904
0.983
0.714
0.82
0.315
0.809
0.116
0.426
0.857
0.106
0.945
0.88
0.032
0.541
0.156
0.282
0.068
0.944
0.839
0.756
0.917
0.989
0.756
0.993
0.036
0.071
0.513
0.845
0.306
0.02
0.756
0.752
0.073
0.047
0.524
0.942
0.147
0.29
0.268
0.246
0.42
0.42
0.866
0.476
0.237
0.026
0.884
0.679
0.306
0.147
0.917
0.08
0.524
0.097
0.11
0.886
0.216
0.364
0.29
0.026
0.246
0.959
0.068
0.147
0.884
0.306
0.988
0.018
0.018
0.08
0.116
0.147
0.216
0.268
0.268
0.472
0.25
0.364
0.576
0.944
0.432
0.42
0.08
0.212
0.816
0.524
0.54
0.147
0.237
0.321
0.882
0.906
0.02
0.843
0.364
0.472
0.989
0.08
0.989
0.306
0.882
0.988
0.268
0.524
0.653
0.097
0.087
0.982
0.547
0.097
0.306
0.073
0.026
0.047
0.565
0.524
0.42
0.147
0.11
0.216
0.599
0.147
0.559
0.524
0.802
0.036
0.513
0.547
0.944
0.08
0.246
0.524
0.886
0.989
0.695
0.816
0.284
0.8
0.08
0.374
0.843
0.068
0.944
0.866
0.02
0.513
0.11
0.246
0.096
0.942
0.84
0.773
0.922
0.973
0.773
0.985
0.048
0.102
0.563
0.852
0.342
0.024
0.773
0.771
0.103
0.062
0.569
0.94
0.181
0.323
0.298
0.272
0.477
0.477
0.867
0.534
0.263
0.03
0.884
0.701
0.342
0.181
0.922
0.106
0.569
0.13
0.148
0.886
0.247
0.422
0.323
0.03
0.272
0.951
0.096
0.181
0.884
0.342
0.971
0.019
0.019
0.106
0.157
0.184
0.247
0.298
0.298
0.533
0.272
0.422
0.621
0.942
0.494
0.477
0.106
0.238
0.815
0.569
0.592
0.184
0.263
0.354
0.882
0.911
0.024
0.845
0.422
0.533
0.973
0.106
0.973
0.342
0.882
0.971
0.298
0.569
0.687
0.13
0.12
0.97
0.596
0.13
0.342
0.103
0.03
0.059
0.614
0.569
0.477
0.184
0.148
0.247
0.632
0.181
0.605
0.569
0.807
0.048
0.563
0.596
0.942
0.106
0.272
0.569
0.886
0.973
0.717
0.815
0.305
0.806
0.106
0.438
0.845
0.096
0.942
0.867
0.024
0.563
0.148
0.272
0.097
0.938
0.836
0.783
0.909
0.975
0.783
0.985
0.057
0.098
0.536
0.851
0.357
0.032
0.783
0.781
0.103
0.07
0.543
0.937
0.191
0.339
0.315
0.285
0.456
0.456
0.866
0.505
0.276
0.035
0.88
0.713
0.357
0.191
0.909
0.113
0.543
0.137
0.153
0.885
0.252
0.41
0.339
0.035
0.285
0.951
0.097
0.191
0.88
0.357
0.973
0.026
0.026
0.113
0.16
0.191
0.252
0.315
0.315
0.501
0.288
0.41
0.588
0.938
0.468
0.456
0.113
0.248
0.818
0.543
0.56
0.191
0.276
0.367
0.88
0.898
0.032
0.843
0.41
0.501
0.975
0.113
0.975
0.357
0.88
0.973
0.315
0.543
0.68
0.137
0.127
0.968
0.564
0.137
0.357
0.103
0.035
0.067
0.584
0.543
0.456
0.191
0.153
0.252
0.605
0.191
0.572
0.543
0.811
0.057
0.536
0.564
0.938
0.113
0.285
0.543
0.885
0.975
0.723
0.818
0.328
0.81
0.113
0.418
0.843
0.097
0.938
0.866
0.032
0.536
0.153
0.285
0.077
0.938
0.843
0.764
0.914
0.981
0.764
0.991
0.043
0.083
0.516
0.855
0.312
0.018
0.764
0.761
0.085
0.054
0.525
0.938
0.165
0.302
0.272
0.253
0.417
0.417
0.869
0.478
0.244
0.023
0.884
0.698
0.312
0.165
0.914
0.095
0.525
0.119
0.13
0.888
0.222
0.372
0.302
0.023
0.253
0.952
0.077
0.165
0.884
0.312
0.98
0.013
0.013
0.095
0.137
0.169
0.222
0.272
0.272
0.476
0.255
0.372
0.584
0.938
0.431
0.417
0.095
0.219
0.817
0.525
0.542
0.169
0.244
0.324
0.883
0.903
0.018
0.848
0.372
0.476
0.981
0.095
0.981
0.312
0.883
0.98
0.272
0.525
0.671
0.119
0.11
0.978
0.548
0.119
0.312
0.085
0.023
0.053
0.572
0.525
0.417
0.169
0.13
0.222
0.602
0.165
0.56
0.525
0.812
0.043
0.516
0.548
0.938
0.095
0.253
0.524
0.888
0.981
0.713
0.817
0.283
0.808
0.095
0.383
0.848
0.077
0.938
0.869
0.018
0.516
0.13
0.253
0.095
0.939
0.818
0.734
0.913
0.974
0.734
0.982
0.055
0.099
0.54
0.827
0.335
0.022
0.734
0.733
0.101
0.07
0.546
0.939
0.18
0.316
0.301
0.273
0.446
0.446
0.85
0.507
0.267
0.03
0.875
0.672
0.335
0.18
0.913
0.111
0.546
0.123
0.145
0.883
0.25
0.386
0.316
0.03
0.273
0.949
0.095
0.18
0.875
0.335
0.971
0.015
0.015
0.111
0.15
0.182
0.25
0.301
0.301
0.504
0.275
0.386
0.597
0.939
0.458
0.446
0.111
0.242
0.787
0.546
0.559
0.182
0.267
0.346
0.873
0.901
0.022
0.823
0.386
0.504
0.974
0.111
0.974
0.335
0.873
0.971
0.301
0.546
0.658
0.123
0.118
0.968
0.563
0.123
0.335
0.101
0.03
0.066
0.587
0.546
0.446
0.182
0.145
0.25
0.61
0.18
0.576
0.546
0.774
0.055
0.54
0.563
0.939
0.111
0.273
0.545
0.883
0.974
0.684
0.787
0.309
0.773
0.111
0.393
0.823
0.095
0.939
0.85
0.022
0.54
0.145
0.273
0.1
0.944
0.828
0.765
0.922
0.98
0.765
0.99
0.048
0.106
0.541
0.849
0.347
0.025
0.765
0.762
0.109
0.063
0.547
0.943
0.19
0.33
0.316
0.281
0.454
0.454
0.868
0.51
0.275
0.03
0.887
0.699
0.347
0.19
0.922
0.115
0.547
0.133
0.155
0.891
0.255
0.407
0.33
0.03
0.281
0.956
0.1
0.19
0.887
0.347
0.98
0.021
0.021
0.115
0.161
0.193
0.255
0.316
0.316
0.507
0.287
0.407
0.587
0.944
0.464
0.454
0.115
0.244
0.806
0.547
0.564
0.193
0.275
0.364
0.885
0.915
0.025
0.839
0.407
0.507
0.98
0.115
0.98
0.347
0.885
0.98
0.316
0.547
0.672
0.133
0.123
0.974
0.568
0.133
0.347
0.109
0.03
0.061
0.581
0.547
0.454
0.193
0.155
0.255
0.606
0.19
0.577
0.547
0.802
0.048
0.541
0.568
0.944
0.115
0.281
0.545
0.891
0.98
0.711
0.806
0.319
0.802
0.115
0.414
0.839
0.1
0.944
0.868
0.025
0.541
0.155
0.281
0.091
0.943
0.835
0.761
0.914
0.973
0.761
0.987
0.04
0.096
0.506
0.846
0.304
0.022
0.761
0.76
0.099
0.066
0.517
0.941
0.162
0.291
0.268
0.247
0.418
0.418
0.863
0.486
0.238
0.026
0.881
0.684
0.304
0.162
0.914
0.103
0.517
0.115
0.129
0.886
0.217
0.368
0.291
0.026
0.247
0.95
0.091
0.162
0.881
0.304
0.972
0.02
0.02
0.103
0.135
0.166
0.217
0.268
0.268
0.479
0.249
0.368
0.578
0.943
0.434
0.418
0.103
0.215
0.804
0.517
0.537
0.166
0.238
0.319
0.879
0.904
0.022
0.84
0.368
0.479
0.973
0.103
0.973
0.304
0.879
0.972
0.268
0.517
0.665
0.115
0.113
0.968
0.54
0.115
0.304
0.099
0.026
0.057
0.561
0.517
0.418
0.166
0.129
0.217
0.591
0.162
0.551
0.517
0.797
0.04
0.506
0.54
0.943
0.103
0.247
0.516
0.886
0.973
0.701
0.804
0.277
0.796
0.103
0.375
0.84
0.091
0.943
0.863
0.022
0.506
0.129
0.247
0.099
0.936
0.825
0.742
0.905
0.972
0.742
0.988
0.061
0.102
0.503
0.837
0.307
0.032
0.742
0.74
0.109
0.074
0.509
0.935
0.178
0.3
0.28
0.259
0.427
0.427
0.849
0.477
0.254
0.041
0.882
0.668
0.307
0.178
0.905
0.111
0.509
0.129
0.144
0.886
0.235
0.37
0.3
0.041
0.259
0.946
0.099
0.178
0.882
0.307
0.971
0.021
0.021
0.111
0.151
0.178
0.235
0.28
0.28
0.474
0.265
0.37
0.56
0.936
0.432
0.427
0.111
0.229
0.796
0.509
0.523
0.178
0.254
0.323
0.881
0.9
0.032
0.832
0.37
0.474
0.972
0.111
0.972
0.307
0.881
0.971
0.28
0.509
0.643
0.129
0.118
0.961
0.529
0.129
0.307
0.109
0.041
0.072
0.543
0.509
0.427
0.178
0.144
0.235
0.577
0.178
0.535
0.509
0.783
0.061
0.503
0.529
0.936
0.111
0.259
0.508
0.886
0.972
0.683
0.796
0.289
0.783
0.111
0.379
0.832
0.099
0.936
0.849
0.032
0.503
0.144
0.259
0.086
0.943
0.82
0.76
0.913
0.976
0.76
0.985
0.045
0.088
0.521
0.84
0.321
0.022
0.76
0.759
0.091
0.06
0.532
0.941
0.166
0.311
0.282
0.26
0.428
0.428
0.865
0.489
0.25
0.024
0.886
0.696
0.321
0.166
0.913
0.101
0.532
0.119
0.137
0.888
0.225
0.382
0.311
0.024
0.26
0.957
0.086
0.166
0.886
0.321
0.976
0.014
0.014
0.101
0.145
0.171
0.225
0.282
0.282
0.485
0.264
0.382
0.583
0.943
0.44
0.428
0.101
0.22
0.801
0.532
0.546
0.171
0.25
0.335
0.885
0.904
0.022
0.833
0.382
0.485
0.976
0.101
0.976
0.321
0.885
0.976
0.282
0.532
0.674
0.119
0.113
0.974
0.552
0.119
0.321
0.091
0.024
0.057
0.569
0.532
0.428
0.171
0.137
0.225
0.602
0.166
0.557
0.532
0.79
0.045
0.521
0.552
0.943
0.101
0.26
0.528
0.888
0.976
0.711
0.801
0.296
0.79
0.101
0.393
0.833
0.086
0.943
0.865
0.022
0.521
0.137
0.26
0.094
0.934
0.826
0.758
0.91
0.98
0.758
0.987
0.052
0.101
0.526
0.846
0.317
0.024
0.758
0.757
0.104
0.06
0.532
0.932
0.183
0.303
0.282
0.259
0.442
0.442
0.866
0.495
0.25
0.029
0.884
0.687
0.317
0.183
0.91
0.111
0.532
0.131
0.145
0.89
0.228
0.389
0.303
0.029
0.259
0.952
0.094
0.183
0.884
0.317
0.978
0.016
0.016
0.111
0.15
0.184
0.228
0.282
0.282
0.491
0.262
0.389
0.582
0.934
0.457
0.442
0.111
0.224
0.799
0.532
0.554
0.184
0.25
0.332
0.883
0.902
0.024
0.839
0.389
0.491
0.98
0.111
0.98
0.317
0.883
0.978
0.282
0.532
0.668
0.131
0.121
0.972
0.559
0.131
0.317
0.104
0.029
0.057
0.577
0.532
0.442
0.184
0.145
0.228
0.61
0.183
0.57
0.532
0.792
0.052
0.526
0.559
0.934
0.111
0.259
0.532
0.89
0.98
0.696
0.799
0.292
0.792
0.111
0.395
0.839
0.094
0.934
0.866
0.024
0.526
0.145
0.259
0.096
0.954
0.836
0.764
0.924
0.983
0.764
0.987
0.052
0.103
0.512
0.853
0.316
0.022
0.764
0.764
0.107
0.07
0.516
0.951
0.167
0.303
0.281
0.262
0.427
0.427
0.875
0.493
0.254
0.028
0.893
0.698
0.316
0.167
0.924
0.115
0.516
0.126
0.141
0.896
0.231
0.376
0.303
0.028
0.262
0.964
0.096
0.167
0.893
0.316
0.981
0.014
0.014
0.115
0.145
0.171
0.231
0.281
0.281
0.491
0.264
0.376
0.582
0.954
0.439
0.427
0.115
0.229
0.81
0.516
0.534
0.171
0.254
0.323
0.892
0.912
0.022
0.844
0.376
0.491
0.983
0.115
0.983
0.316
0.892
0.981
0.281
0.516
0.673
0.126
0.117
0.978
0.544
0.126
0.316
0.107
0.028
0.066
0.566
0.516
0.427
0.171
0.141
0.231
0.609
0.167
0.555
0.516
0.8
0.052
0.512
0.544
0.954
0.115
0.262
0.516
0.896
0.983
0.711
0.81
0.292
0.799
0.115
0.384
0.844
0.096
0.954
0.875
0.022
0.512
0.141
0.262
0.102
0.954
0.848
0.778
0.924
0.984
0.778
0.989
0.055
0.106
0.525
0.861
0.33
0.031
0.778
0.774
0.107
0.075
0.54
0.954
0.171
0.317
0.283
0.274
0.437
0.437
0.874
0.5
0.266
0.033
0.896
0.691
0.33
0.171
0.924
0.116
0.54
0.129
0.139
0.899
0.245
0.388
0.317
0.033
0.274
0.963
0.102
0.171
0.896
0.33
0.982
0.02
0.02
0.116
0.142
0.173
0.245
0.283
0.283
0.498
0.275
0.388
0.59
0.954
0.447
0.437
0.116
0.24
0.815
0.54
0.552
0.173
0.266
0.341
0.896
0.915
0.031
0.853
0.388
0.498
0.984
0.116
0.984
0.33
0.896
0.982
0.283
0.54
0.67
0.129
0.123
0.978
0.558
0.129
0.33
0.107
0.033
0.071
0.578
0.54
0.437
0.173
0.139
0.245
0.616
0.171
0.572
0.54
0.808
0.055
0.525
0.558
0.954
0.116
0.274
0.539
0.899
0.984
0.705
0.815
0.304
0.807
0.116
0.395
0.853
0.102
0.954
0.874
0.031
0.525
0.139
0.274
0.09
0.932
0.828
0.754
0.915
0.988
0.754
0.998
0.041
0.092
0.52
0.844
0.317
0.023
0.754
0.753
0.097
0.059
0.523
0.931
0.17
0.306
0.268
0.242
0.436
0.436
0.864
0.487
0.238
0.027
0.89
0.673
0.317
0.17
0.915
0.109
0.523
0.126
0.144
0.893
0.221
0.379
0.306
0.027
0.242
0.948
0.09
0.17
0.89
0.317
0.985
0.013
0.013
0.109
0.149
0.171
0.221
0.268
0.268
0.483
0.248
0.379
0.578
0.932
0.443
0.436
0.109
0.218
0.803
0.523
0.543
0.171
0.238
0.329
0.89
0.902
0.023
0.834
0.379
0.483
0.988
0.109
0.988
0.317
0.89
0.985
0.268
0.523
0.652
0.126
0.123
0.979
0.549
0.126
0.317
0.097
0.027
0.056
0.567
0.523
0.436
0.171
0.144
0.221
0.598
0.17
0.556
0.523
0.792
0.041
0.52
0.549
0.932
0.109
0.242
0.522
0.893
0.988
0.686
0.803
0.28
0.791
0.109
0.386
0.834
0.09
0.932
0.864
0.023
0.52
0.144
0.242
0.109
0.929
0.839
0.776
0.908
0.964
0.776
0.979
0.067
0.109
0.538
0.846
0.343
0.035
0.776
0.772
0.109
0.085
0.542
0.929
0.185
0.327
0.303
0.278
0.453
0.453
0.867
0.508
0.276
0.041
0.889
0.704
0.343
0.185
0.908
0.117
0.542
0.138
0.152
0.894
0.26
0.396
0.327
0.041
0.278
0.937
0.109
0.185
0.889
0.343
0.959
0.022
0.022
0.117
0.161
0.187
0.26
0.303
0.303
0.503
0.281
0.396
0.596
0.929
0.462
0.453
0.117
0.256
0.819
0.542
0.552
0.187
0.276
0.35
0.888
0.905
0.035
0.844
0.396
0.503
0.964
0.117
0.964
0.343
0.888
0.959
0.303
0.542
0.689
0.138
0.129
0.956
0.559
0.138
0.343
0.109
0.041
0.082
0.58
0.542
0.453
0.187
0.152
0.26
0.617
0.185
0.57
0.542
0.812
0.067
0.538
0.559
0.929
0.117
0.278
0.541
0.894
0.964
0.715
0.819
0.31
0.809
0.117
0.406
0.844
0.109
0.929
0.867
0.035
0.538
0.152
0.278
0.101
0.937
0.846
0.789
0.909
0.976
0.789
0.987
0.058
0.106
0.547
0.855
0.327
0.029
0.789
0.789
0.107
0.074
0.555
0.937
0.178
0.312
0.287
0.267
0.459
0.459
0.865
0.509
0.262
0.032
0.882
0.708
0.327
0.178
0.909
0.115
0.555
0.137
0.145
0.886
0.246
0.398
0.312
0.032
0.267
0.952
0.101
0.178
0.882
0.327
0.973
0.023
0.023
0.115
0.149
0.18
0.246
0.287
0.287
0.505
0.269
0.398
0.598
0.937
0.465
0.459
0.115
0.24
0.832
0.555
0.569
0.18
0.262
0.339
0.881
0.903
0.029
0.851
0.398
0.505
0.976
0.115
0.976
0.327
0.881
0.973
0.287
0.555
0.682
0.137
0.129
0.969
0.575
0.137
0.327
0.107
0.032
0.072
0.589
0.555
0.459
0.18
0.145
0.246
0.619
0.178
0.583
0.555
0.826
0.058
0.547
0.575
0.937
0.115
0.267
0.554
0.886
0.976
0.724
0.832
0.299
0.826
0.115
0.41
0.851
0.101
0.937
0.865
0.029
0.547
0.145
0.267
0.089
0.929
0.833
0.77
0.904
0.982
0.77
0.987
0.045
0.094
0.55
0.839
0.341
0.024
0.77
0.77
0.097
0.069
0.56
0.929
0.181
0.328
0.3
0.281
0.464
0.464
0.86
0.518
0.269
0.03
0.873
0.691
0.341
0.181
0.904
0.105
0.56
0.13
0.147
0.877
0.242
0.416
0.328
0.03
0.281
0.938
0.089
0.181
0.873
0.341
0.978
0.019
0.019
0.105
0.152
0.184
0.242
0.3
0.3
0.512
0.283
0.416
0.609
0.929
0.473
0.464
0.105
0.238
0.807
0.56
0.572
0.184
0.269
0.363
0.872
0.894
0.024
0.836
0.416
0.512
0.982
0.105
0.982
0.341
0.872
0.978
0.3
0.56
0.676
0.13
0.118
0.969
0.574
0.13
0.341
0.097
0.03
0.064
0.595
0.56
0.464
0.184
0.147
0.242
0.621
0.181
0.582
0.56
0.804
0.045
0.55
0.574
0.929
0.105
0.281
0.558
0.877
0.982
0.704
0.807
0.315
0.803
0.105
0.421
0.836
0.089
0.929
0.86
0.024
0.55
0.147
0.281
0.103
0.951
0.844
0.766
0.931
0.977
0.766
0.991
0.051
0.107
0.54
0.856
0.339
0.025
0.766
0.766
0.11
0.077
0.548
0.951
0.184
0.326
0.305
0.28
0.463
0.463
0.878
0.51
0.272
0.026
0.904
0.687
0.339
0.184
0.931
0.114
0.548
0.132
0.148
0.906
0.251
0.408
0.326
0.026
0.28
0.958
0.103
0.184
0.904
0.339
0.976
0.017
0.017
0.114
0.157
0.188
0.251
0.305
0.305
0.509
0.281
0.408
0.585
0.951
0.473
0.463
0.114
0.245
0.807
0.548
0.559
0.188
0.272
0.348
0.901
0.922
0.025
0.851
0.408
0.509
0.977
0.114
0.977
0.339
0.901
0.976
0.305
0.548
0.667
0.132
0.125
0.973
0.562
0.132
0.339
0.11
0.026
0.071
0.576
0.548
0.463
0.188
0.148
0.251
0.603
0.184
0.568
0.548
0.799
0.051
0.54
0.562
0.951
0.114
0.28
0.546
0.906
0.977
0.705
0.807
0.318
0.796
0.114
0.416
0.851
0.103
0.951
0.878
0.025
0.54
0.148
0.28
0.075
0.936
0.818
0.742
0.909
0.978
0.742
0.987
0.045
0.077
0.53
0.833
0.302
0.027
0.742
0.741
0.079
0.055
0.538
0.935
0.158
0.292
0.268
0.247
0.427
0.427
0.85
0.497
0.242
0.034
0.877
0.679
0.302
0.158
0.909
0.084
0.538
0.105
0.124
0.88
0.225
0.378
0.292
0.034
0.247
0.952
0.075
0.158
0.877
0.302
0.976
0.023
0.023
0.084
0.131
0.161
0.225
0.268
0.268
0.493
0.251
0.378
0.577
0.936
0.443
0.427
0.084
0.215
0.789
0.538
0.548
0.161
0.242
0.319
0.877
0.898
0.027
0.826
0.378
0.493
0.978
0.084
0.978
0.302
0.877
0.976
0.268
0.538
0.655
0.105
0.097
0.974
0.55
0.105
0.302
0.079
0.034
0.055
0.572
0.538
0.427
0.161
0.124
0.225
0.594
0.158
0.562
0.538
0.778
0.045
0.53
0.55
0.936
0.084
0.247
0.537
0.88
0.978
0.696
0.789
0.278
0.777
0.084
0.386
0.826
0.075
0.936
0.85
0.027
0.53
0.124
0.247
0.089
0.932
0.833
0.764
0.91
0.973
0.764
0.988
0.043
0.096
0.537
0.846
0.336
0.021
0.764
0.763
0.098
0.063
0.546
0.931
0.169
0.315
0.294
0.269
0.462
0.462
0.865
0.512
0.261
0.023
0.888
0.704
0.336
0.169
0.91
0.103
0.546
0.126
0.145
0.89
0.24
0.412
0.315
0.023
0.269
0.941
0.089
0.169
0.888
0.336
0.968
0.019
0.019
0.103
0.15
0.17
0.24
0.294
0.294
0.51
0.271
0.412
0.591
0.932
0.473
0.462
0.103
0.233
0.804
0.546
0.563
0.17
0.261
0.349
0.888
0.902
0.021
0.839
0.412
0.51
0.973
0.103
0.973
0.336
0.888
0.968
0.294
0.546
0.681
0.126
0.118
0.962
0.573
0.126
0.336
0.098
0.023
0.058
0.586
0.546
0.462
0.17
0.145
0.24
0.611
0.169
0.584
0.546
0.801
0.043
0.537
0.573
0.932
0.103
0.269
0.544
0.89
0.973
0.715
0.804
0.306
0.8
0.103
0.419
0.839
0.089
0.932
0.865
0.021
0.537
0.145
0.269
0.114
0.95
0.849
0.777
0.931
0.986
0.777
0.991
0.059
0.119
0.561
0.869
0.356
0.028
0.777
0.777
0.121
0.081
0.569
0.95
0.2
0.343
0.317
0.299
0.467
0.467
0.882
0.524
0.293
0.033
0.897
0.714
0.356
0.2
0.931
0.123
0.569
0.143
0.156
0.9
0.271
0.411
0.343
0.033
0.299
0.962
0.114
0.2
0.897
0.356
0.981
0.02
0.02
0.123
0.17
0.203
0.271
0.317
0.317
0.522
0.299
0.411
0.61
0.95
0.475
0.467
0.123
0.266
0.823
0.569
0.58
0.203
0.293
0.364
0.897
0.921
0.028
0.858
0.411
0.522
0.986
0.123
0.986
0.356
0.897
0.981
0.317
0.569
0.696
0.143
0.136
0.976
0.587
0.143
0.356
0.121
0.033
0.076
0.598
0.569
0.467
0.203
0.156
0.271
0.638
0.2
0.595
0.569
0.817
0.059
0.561
0.587
0.95
0.123
0.299
0.567
0.9
0.986
0.722
0.823
0.327
0.817
0.123
0.417
0.858
0.114
0.95
0.882
0.028
0.561
0.156
0.299
0.083
0.95
0.839
0.775
0.923
0.981
0.775
0.987
0.049
0.09
0.548
0.857
0.325
0.023
0.775
0.774
0.093
0.066
0.554
0.949
0.169
0.315
0.293
0.264
0.453
0.453
0.872
0.506
0.259
0.035
0.897
0.703
0.325
0.169
0.923
0.101
0.554
0.121
0.137
0.902
0.236
0.392
0.315
0.035
0.264
0.958
0.083
0.169
0.897
0.325
0.978
0.021
0.021
0.101
0.145
0.174
0.236
0.293
0.293
0.503
0.269
0.392
0.603
0.95
0.468
0.453
0.101
0.232
0.808
0.554
0.569
0.174
0.259
0.335
0.896
0.916
0.023
0.851
0.392
0.503
0.981
0.101
0.981
0.325
0.896
0.978
0.293
0.554
0.676
0.121
0.115
0.973
0.572
0.121
0.325
0.093
0.035
0.063
0.598
0.554
0.453
0.174
0.137
0.236
0.622
0.169
0.587
0.554
0.801
0.049
0.548
0.572
0.95
0.101
0.264
0.554
0.902
0.981
0.721
0.808
0.307
0.801
0.101
0.404
0.851
0.083
0.95
0.872
0.023
0.548
0.137
0.264
0.105
0.939
0.834
0.765
0.909
0.974
0.765
0.988
0.06
0.107
0.534
0.846
0.331
0.032
0.765
0.764
0.108
0.079
0.538
0.938
0.198
0.32
0.297
0.283
0.444
0.444
0.869
0.498
0.277
0.036
0.887
0.696
0.331
0.198
0.909
0.117
0.538
0.144
0.161
0.89
0.265
0.397
0.32
0.036
0.283
0.951
0.105
0.198
0.887
0.331
0.973
0.024
0.024
0.117
0.172
0.201
0.265
0.297
0.297
0.497
0.284
0.397
0.588
0.939
0.452
0.444
0.117
0.26
0.806
0.538
0.555
0.201
0.277
0.347
0.887
0.901
0.032
0.841
0.397
0.497
0.974
0.117
0.974
0.331
0.887
0.973
0.297
0.538
0.677
0.144
0.131
0.97
0.56
0.144
0.331
0.108
0.036
0.071
0.58
0.538
0.444
0.201
0.161
0.265
0.607
0.198
0.567
0.538
0.801
0.06
0.534
0.56
0.939
0.117
0.283
0.538
0.89
0.974
0.71
0.806
0.31
0.8
0.117
0.407
0.841
0.105
0.939
0.869
0.032
0.534
0.161
0.283
0.089
0.944
0.836
0.773
0.92
0.977
0.773
0.984
0.054
0.093
0.52
0.853
0.308
0.03
0.773
0.769
0.098
0.067
0.531
0.941
0.171
0.294
0.276
0.258
0.435
0.435
0.868
0.491
0.251
0.034
0.889
0.696
0.308
0.171
0.92
0.106
0.531
0.127
0.142
0.893
0.238
0.364
0.294
0.034
0.258
0.952
0.089
0.171
0.889
0.308
0.977
0.022
0.022
0.106
0.15
0.173
0.238
0.276
0.276
0.488
0.263
0.364
0.583
0.944
0.446
0.435
0.106
0.23
0.807
0.531
0.548
0.173
0.251
0.323
0.888
0.909
0.03
0.847
0.364
0.488
0.977
0.106
0.977
0.308
0.888
0.977
0.276
0.531
0.677
0.127
0.117
0.971
0.552
0.127
0.308
0.098
0.034
0.064
0.577
0.531
0.435
0.173
0.142
0.238
0.611
0.171
0.564
0.531
0.805
0.054
0.52
0.552
0.944
0.106
0.258
0.53
0.893
0.977
0.71
0.807
0.285
0.805
0.106
0.38
0.847
0.089
0.944
0.868
0.03
0.52
0.142
0.258
0.095
0.937
0.832
0.754
0.914
0.984
0.754
0.994
0.056
0.1
0.509
0.849
0.309
0.022
0.754
0.751
0.104
0.073
0.514
0.936
0.168
0.297
0.275
0.261
0.43
0.43
0.862
0.488
0.253
0.029
0.884
0.69
0.309
0.168
0.914
0.108
0.514
0.123
0.138
0.888
0.23
0.383
0.297
0.029
0.261
0.949
0.095
0.168
0.884
0.309
0.98
0.014
0.014
0.108
0.143
0.169
0.23
0.275
0.275
0.485
0.263
0.383
0.579
0.937
0.445
0.43
0.108
0.225
0.803
0.514
0.532
0.169
0.253
0.324
0.883
0.903
0.022
0.843
0.383
0.485
0.984
0.108
0.984
0.309
0.883
0.98
0.275
0.514
0.67
0.123
0.113
0.974
0.54
0.123
0.309
0.104
0.029
0.072
0.57
0.514
0.43
0.169
0.138
0.23
0.596
0.168
0.56
0.514
0.792
0.056
0.509
0.54
0.937
0.108
0.261
0.513
0.888
0.984
0.698
0.803
0.286
0.791
0.108
0.39
0.843
0.095
0.937
0.862
0.022
0.509
0.138
0.261
0.081
0.959
0.866
0.801
0.94
0.987
0.801
0.994
0.046
0.084
0.542
0.876
0.328
0.02
0.801
0.799
0.084
0.062
0.548
0.959
0.166
0.315
0.288
0.263
0.453
0.453
0.889
0.518
0.252
0.026
0.916
0.729
0.328
0.166
0.94
0.093
0.548
0.119
0.137
0.918
0.233
0.395
0.315
0.026
0.263
0.969
0.081
0.166
0.916
0.328
0.982
0.014
0.014
0.093
0.142
0.169
0.233
0.288
0.288
0.513
0.264
0.395
0.601
0.959
0.466
0.453
0.093
0.229
0.839
0.548
0.563
0.169
0.252
0.34
0.914
0.934
0.02
0.873
0.395
0.513
0.987
0.093
0.987
0.328
0.914
0.982
0.288
0.548
0.702
0.119
0.106
0.982
0.565
0.119
0.328
0.084
0.026
0.061
0.59
0.548
0.453
0.169
0.137
0.233
0.63
0.166
0.584
0.548
0.829
0.046
0.542
0.565
0.959
0.093
0.263
0.547
0.918
0.987
0.738
0.839
0.299
0.829
0.093
0.41
0.873
0.081
0.959
0.889
0.02
0.542
0.137
0.263
0.094
0.933
0.833
0.758
0.908
0.975
0.758
0.984
0.042
0.099
0.523
0.847
0.318
0.023
0.758
0.755
0.102
0.06
0.533
0.932
0.183
0.307
0.281
0.262
0.433
0.433
0.865
0.497
0.257
0.028
0.884
0.683
0.318
0.183
0.908
0.109
0.533
0.13
0.146
0.889
0.235
0.38
0.307
0.028
0.262
0.947
0.094
0.183
0.884
0.318
0.972
0.018
0.018
0.109
0.155
0.187
0.235
0.281
0.281
0.494
0.264
0.38
0.594
0.933
0.446
0.433
0.109
0.234
0.802
0.533
0.551
0.187
0.257
0.331
0.884
0.902
0.023
0.841
0.38
0.494
0.975
0.109
0.975
0.318
0.884
0.972
0.281
0.533
0.667
0.13
0.121
0.97
0.557
0.13
0.318
0.102
0.028
0.053
0.582
0.533
0.433
0.187
0.146
0.235
0.613
0.183
0.571
0.533
0.795
0.042
0.523
0.557
0.933
0.109
0.262
0.529
0.889
0.975
0.696
0.802
0.295
0.795
0.109
0.384
0.841
0.094
0.933
0.865
0.023
0.523
0.146
0.262
0.1
0.946
0.853
0.797
0.924
0.979
0.797
0.984
0.056
0.108
0.552
0.864
0.345
0.024
0.797
0.793
0.111
0.071
0.556
0.945
0.203
0.334
0.31
0.282
0.469
0.469
0.881
0.532
0.277
0.031
0.901
0.712
0.345
0.203
0.924
0.116
0.556
0.135
0.157
0.905
0.254
0.416
0.334
0.031
0.282
0.957
0.1
0.203
0.901
0.345
0.979
0.018
0.018
0.116
0.163
0.206
0.254
0.31
0.31
0.529
0.285
0.416
0.607
0.946
0.478
0.469
0.116
0.248
0.833
0.556
0.571
0.206
0.277
0.358
0.9
0.917
0.024
0.857
0.416
0.529
0.979
0.116
0.979
0.345
0.9
0.979
0.31
0.556
0.686
0.135
0.128
0.975
0.577
0.135
0.345
0.111
0.031
0.068
0.602
0.556
0.469
0.206
0.157
0.254
0.624
0.203
0.589
0.556
0.827
0.056
0.552
0.577
0.946
0.116
0.282
0.555
0.905
0.979
0.721
0.833
0.32
0.824
0.116
0.421
0.857
0.1
0.946
0.881
0.024
0.552
0.157
0.282
0.099
0.939
0.855
0.79
0.92
0.975
0.79
0.985
0.059
0.102
0.536
0.865
0.319
0.028
0.79
0.789
0.103
0.075
0.542
0.939
0.178
0.302
0.282
0.267
0.439
0.439
0.885
0.498
0.258
0.042
0.9
0.717
0.319
0.178
0.92
0.112
0.542
0.125
0.144
0.904
0.239
0.394
0.302
0.042
0.267
0.951
0.099
0.178
0.9
0.319
0.973
0.02
0.02
0.112
0.152
0.179
0.239
0.282
0.282
0.497
0.27
0.394
0.597
0.939
0.45
0.439
0.112
0.232
0.831
0.542
0.563
0.179
0.258
0.333
0.9
0.919
0.028
0.861
0.394
0.497
0.975
0.112
0.975
0.319
0.9
0.973
0.282
0.542
0.689
0.125
0.119
0.969
0.568
0.125
0.319
0.103
0.042
0.072
0.586
0.542
0.439
0.179
0.144
0.239
0.614
0.178
0.578
0.542
0.823
0.059
0.536
0.568
0.939
0.112
0.267
0.541
0.904
0.975
0.739
0.831
0.288
0.823
0.112
0.401
0.861
0.099
0.939
0.885
0.028
0.536
0.144
0.267
0.109
0.932
0.834
0.772
0.908
0.973
0.772
0.985
0.046
0.112
0.56
0.845
0.355
0.027
0.772
0.77
0.114
0.07
0.568
0.932
0.19
0.341
0.311
0.292
0.455
0.455
0.859
0.523
0.284
0.035
0.888
0.708
0.355
0.19
0.908
0.121
0.568
0.144
0.162
0.891
0.263
0.412
0.341
0.035
0.292
0.944
0.109
0.19
0.888
0.355
0.969
0.017
0.017
0.121
0.165
0.191
0.263
0.311
0.311
0.519
0.297
0.412
0.609
0.932
0.473
0.455
0.121
0.255
0.809
0.568
0.578
0.191
0.284
0.368
0.886
0.906
0.027
0.839
0.412
0.519
0.973
0.121
0.973
0.355
0.886
0.969
0.311
0.568
0.688
0.144
0.134
0.967
0.581
0.144
0.355
0.114
0.035
0.068
0.601
0.568
0.455
0.191
0.162
0.263
0.625
0.19
0.592
0.568
0.799
0.046
0.56
0.581
0.932
0.121
0.292
0.566
0.891
0.973
0.719
0.809
0.323
0.797
0.121
0.417
0.839
0.109
0.932
0.859
0.027
0.56
0.162
0.292
0.116
0.939
0.84
0.765
0.907
0.973
0.765
0.981
0.063
0.119
0.551
0.851
0.342
0.035
0.765
0.762
0.122
0.08
0.557
0.937
0.195
0.326
0.296
0.273
0.472
0.472
0.864
0.526
0.272
0.038
0.878
0.704
0.342
0.195
0.907
0.133
0.557
0.152
0.165
0.884
0.253
0.411
0.326
0.038
0.273
0.951
0.116
0.195
0.878
0.342
0.97
0.027
0.027
0.133
0.168
0.197
0.253
0.296
0.296
0.525
0.276
0.411
0.601
0.939
0.484
0.472
0.133
0.249
0.814
0.557
0.571
0.197
0.272
0.359
0.876
0.897
0.035
0.847
0.411
0.525
0.973
0.133
0.973
0.342
0.876
0.97
0.296
0.557
0.686
0.152
0.141
0.968
0.573
0.152
0.342
0.122
0.038
0.078
0.588
0.557
0.472
0.197
0.165
0.253
0.625
0.195
0.582
0.557
0.805
0.063
0.551
0.573
0.939
0.133
0.273
0.557
0.884
0.973
0.716
0.814
0.309
0.805
0.133
0.42
0.847
0.116
0.939
0.864
0.035
0.551
0.165
0.273
0.103
0.95
0.839
0.776
0.931
0.981
0.776
0.991
0.055
0.106
0.512
0.851
0.33
0.027
0.776
0.774
0.109
0.073
0.52
0.95
0.165
0.313
0.29
0.264
0.431
0.431
0.874
0.485
0.254
0.03
0.897
0.688
0.33
0.165
0.931
0.113
0.52
0.132
0.143
0.901
0.236
0.385
0.313
0.03
0.264
0.96
0.103
0.165
0.897
0.33
0.979
0.017
0.017
0.113
0.149
0.166
0.236
0.29
0.29
0.481
0.269
0.385
0.566
0.95
0.441
0.431
0.113
0.232
0.815
0.52
0.534
0.166
0.254
0.339
0.896
0.927
0.027
0.846
0.385
0.481
0.981
0.113
0.981
0.33
0.896
0.979
0.29
0.52
0.659
0.132
0.127
0.976
0.537
0.132
0.33
0.109
0.03
0.068
0.557
0.52
0.431
0.166
0.143
0.236
0.581
0.165
0.546
0.52
0.809
0.055
0.512
0.537
0.95
0.113
0.264
0.519
0.901
0.981
0.701
0.815
0.3
0.808
0.113
0.389
0.846
0.103
0.95
0.874
0.027
0.512
0.143
0.264
0.101
0.943
0.843
0.777
0.912
0.98
0.777
0.991
0.049
0.103
0.534
0.852
0.346
0.023
0.777
0.773
0.103
0.073
0.539
0.943
0.196
0.33
0.299
0.282
0.459
0.459
0.881
0.509
0.276
0.029
0.891
0.696
0.346
0.196
0.912
0.111
0.539
0.135
0.158
0.892
0.261
0.409
0.33
0.029
0.282
0.955
0.101
0.196
0.891
0.346
0.978
0.018
0.018
0.111
0.161
0.198
0.261
0.299
0.299
0.508
0.283
0.409
0.595
0.943
0.466
0.459
0.111
0.254
0.812
0.539
0.556
0.198
0.276
0.358
0.89
0.907
0.023
0.851
0.409
0.508
0.98
0.111
0.98
0.346
0.89
0.978
0.299
0.539
0.67
0.135
0.129
0.975
0.564
0.135
0.346
0.103
0.029
0.067
0.589
0.539
0.459
0.198
0.158
0.261
0.617
0.196
0.576
0.539
0.804
0.049
0.534
0.564
0.943
0.111
0.282
0.539
0.892
0.98
0.705
0.812
0.31
0.804
0.111
0.415
0.851
0.101
0.943
0.881
0.023
0.534
0.158
0.282
0.112
0.938
0.846
0.776
0.915
0.969
0.776
0.981
0.064
0.118
0.541
0.858
0.354
0.034
0.776
0.774
0.12
0.081
0.551
0.938
0.198
0.345
0.318
0.295
0.462
0.462
0.876
0.505
0.289
0.043
0.892
0.699
0.354
0.198
0.915
0.128
0.551
0.146
0.164
0.897
0.274
0.414
0.345
0.043
0.295
0.95
0.112
0.198
0.892
0.354
0.969
0.02
0.02
0.128
0.167
0.203
0.274
0.318
0.318
0.503
0.3
0.414
0.583
0.938
0.476
0.462
0.128
0.264
0.825
0.551
0.564
0.203
0.289
0.364
0.89
0.909
0.034
0.854
0.414
0.503
0.969
0.128
0.969
0.354
0.89
0.969
0.318
0.551
0.676
0.146
0.14
0.966
0.566
0.146
0.354
0.12
0.043
0.076
0.581
0.551
0.462
0.203
0.164
0.274
0.604
0.198
0.576
0.551
0.815
0.064
0.541
0.566
0.938
0.128
0.295
0.55
0.897
0.969
0.717
0.825
0.329
0.815
0.128
0.422
0.854
0.112
0.938
0.876
0.034
0.541
0.164
0.295
0.084
0.934
0.83
0.757
0.905
0.973
0.757
0.984
0.045
0.086
0.509
0.851
0.303
0.021
0.757
0.755
0.087
0.056
0.516
0.934
0.163
0.289
0.272
0.246
0.417
0.417
0.864
0.477
0.239
0.026
0.879
0.686
0.303
0.163
0.905
0.097
0.516
0.111
0.133
0.883
0.215
0.37
0.289
0.026
0.246
0.944
0.084
0.163
0.879
0.303
0.968
0.016
0.016
0.097
0.136
0.163
0.215
0.272
0.272
0.474
0.25
0.37
0.562
0.934
0.429
0.417
0.097
0.211
0.802
0.516
0.531
0.163
0.239
0.314
0.878
0.899
0.021
0.842
0.37
0.474
0.973
0.097
0.973
0.303
0.878
0.968
0.272
0.516
0.658
0.111
0.104
0.961
0.535
0.111
0.303
0.087
0.026
0.055
0.557
0.516
0.417
0.163
0.133
0.215
0.588
0.163
0.548
0.516
0.793
0.045
0.509
0.535
0.934
0.097
0.246
0.516
0.883
0.973
0.696
0.802
0.277
0.792
0.097
0.376
0.842
0.084
0.934
0.864
0.021
0.509
0.133
0.246
0.08
0.958
0.87
0.796
0.939
0.985
0.796
0.993
0.043
0.081
0.53
0.888
0.333
0.025
0.796
0.794
0.084
0.053
0.537
0.958
0.161
0.315
0.3
0.274
0.441
0.441
0.904
0.502
0.267
0.027
0.922
0.716
0.333
0.161
0.939
0.089
0.537
0.111
0.128
0.924
0.238
0.393
0.315
0.027
0.274
0.964
0.08
0.161
0.922
0.333
0.982
0.018
0.018
0.089
0.135
0.162
0.238
0.3
0.3
0.498
0.278
0.393
0.602
0.958
0.454
0.441
0.089
0.234
0.84
0.537
0.554
0.162
0.267
0.34
0.922
0.935
0.025
0.88
0.393
0.498
0.985
0.089
0.985
0.333
0.922
0.982
0.3
0.537
0.698
0.111
0.1
0.978
0.563
0.111
0.333
0.084
0.027
0.05
0.591
0.537
0.441
0.162
0.128
0.238
0.63
0.161
0.583
0.537
0.833
0.043
0.53
0.563
0.958
0.089
0.274
0.537
0.924
0.985
0.73
0.84
0.307
0.833
0.089
0.4
0.88
0.08
0.958
0.904
0.025
0.53
0.128
0.274
0.094
0.945
0.832
0.767
0.921
0.983
0.767
0.989
0.055
0.097
0.525
0.843
0.301
0.034
0.767
0.763
0.099
0.068
0.536
0.943
0.172
0.289
0.275
0.254
0.423
0.423
0.866
0.49
0.247
0.035
0.888
0.7
0.301
0.172
0.921
0.108
0.536
0.122
0.136
0.895
0.231
0.367
0.289
0.035
0.254
0.958
0.094
0.172
0.888
0.301
0.978
0.024
0.024
0.108
0.144
0.172
0.231
0.275
0.275
0.485
0.256
0.367
0.593
0.945
0.435
0.423
0.108
0.221
0.809
0.536
0.555
0.172
0.247
0.311
0.888
0.914
0.034
0.84
0.367
0.485
0.983
0.108
0.983
0.301
0.888
0.978
0.275
0.536
0.674
0.122
0.119
0.972
0.56
0.122
0.301
0.099
0.035
0.066
0.583
0.536
0.423
0.172
0.136
0.231
0.615
0.172
0.577
0.536
0.799
0.055
0.525
0.56
0.945
0.108
0.254
0.535
0.895
0.983
0.711
0.809
0.283
0.798
0.108
0.381
0.84
0.094
0.945
0.866
0.034
0.525
0.136
0.254
0.094
0.931
0.843
0.773
0.907
0.978
0.773
0.987
0.047
0.097
0.531
0.857
0.337
0.021
0.773
0.772
0.1
0.063
0.54
0.93
0.182
0.318
0.297
0.267
0.449
0.449
0.874
0.506
0.263
0.029
0.89
0.696
0.337
0.182
0.907
0.108
0.54
0.128
0.145
0.895
0.244
0.401
0.318
0.029
0.267
0.943
0.094
0.182
0.89
0.337
0.976
0.012
0.012
0.108
0.154
0.183
0.244
0.297
0.297
0.505
0.272
0.401
0.59
0.931
0.461
0.449
0.108
0.238
0.819
0.54
0.559
0.183
0.263
0.352
0.89
0.901
0.021
0.849
0.401
0.505
0.978
0.108
0.978
0.337
0.89
0.976
0.297
0.54
0.678
0.128
0.125
0.967
0.571
0.128
0.337
0.1
0.029
0.059
0.585
0.54
0.449
0.183
0.145
0.244
0.615
0.182
0.577
0.54
0.81
0.047
0.531
0.571
0.931
0.108
0.267
0.539
0.895
0.978
0.706
0.819
0.306
0.807
0.108
0.414
0.849
0.094
0.931
0.874
0.021
0.531
0.145
0.267
0.1
0.948
0.854
0.789
0.922
0.98
0.789
0.99
0.052
0.102
0.533
0.862
0.351
0.023
0.789
0.788
0.109
0.07
0.542
0.947
0.182
0.334
0.309
0.289
0.453
0.453
0.883
0.508
0.281
0.03
0.901
0.712
0.351
0.182
0.922
0.115
0.542
0.138
0.15
0.903
0.26
0.402
0.334
0.03
0.289
0.955
0.1
0.182
0.901
0.351
0.979
0.015
0.015
0.115
0.154
0.187
0.26
0.309
0.309
0.507
0.292
0.402
0.594
0.948
0.467
0.453
0.115
0.255
0.832
0.542
0.557
0.187
0.281
0.36
0.9
0.916
0.023
0.858
0.402
0.507
0.98
0.115
0.98
0.351
0.9
0.979
0.309
0.542
0.689
0.138
0.128
0.978
0.565
0.138
0.351
0.109
0.03
0.066
0.586
0.542
0.453
0.187
0.15
0.26
0.62
0.182
0.577
0.542
0.829
0.052
0.533
0.565
0.948
0.115
0.289
0.54
0.903
0.98
0.727
0.832
0.32
0.829
0.115
0.407
0.858
0.1
0.948
0.883
0.023
0.533
0.15
0.289
0.099
0.95
0.863
0.794
0.931
0.976
0.794
0.988
0.056
0.103
0.546
0.873
0.361
0.033
0.794
0.792
0.104
0.065
0.556
0.949
0.193
0.342
0.312
0.287
0.479
0.479
0.888
0.521
0.279
0.037
0.913
0.706
0.361
0.193
0.931
0.113
0.556
0.129
0.147
0.915
0.25
0.423
0.342
0.037
0.287
0.957
0.099
0.193
0.913
0.361
0.972
0.026
0.026
0.113
0.153
0.197
0.25
0.312
0.312
0.519
0.288
0.423
0.608
0.95
0.493
0.479
0.113
0.244
0.837
0.556
0.572
0.197
0.279
0.372
0.91
0.924
0.033
0.868
0.423
0.519
0.976
0.113
0.976
0.361
0.91
0.972
0.312
0.556
0.686
0.129
0.123
0.972
0.575
0.129
0.361
0.104
0.037
0.063
0.597
0.556
0.479
0.197
0.147
0.25
0.63
0.193
0.59
0.556
0.832
0.056
0.546
0.575
0.95
0.113
0.287
0.554
0.915
0.976
0.728
0.837
0.325
0.831
0.113
0.433
0.868
0.099
0.95
0.888
0.033
0.546
0.147
0.287
0.093
0.933
0.837
0.774
0.906
0.971
0.774
0.985
0.047
0.097
0.548
0.851
0.332
0.03
0.774
0.771
0.101
0.064
0.555
0.932
0.163
0.309
0.285
0.258
0.457
0.457
0.869
0.516
0.254
0.034
0.886
0.703
0.332
0.163
0.906
0.107
0.555
0.117
0.135
0.89
0.23
0.41
0.309
0.034
0.258
0.944
0.093
0.163
0.886
0.332
0.969
0.02
0.02
0.107
0.142
0.164
0.23
0.285
0.285
0.514
0.263
0.41
0.598
0.933
0.477
0.457
0.107
0.222
0.816
0.555
0.565
0.164
0.254
0.348
0.885
0.896
0.03
0.843
0.41
0.514
0.971
0.107
0.971
0.332
0.885
0.969
0.285
0.555
0.683
0.117
0.114
0.965
0.569
0.117
0.332
0.101
0.034
0.058
0.589
0.555
0.457
0.164
0.135
0.23
0.619
0.163
0.58
0.555
0.806
0.047
0.548
0.569
0.933
0.107
0.258
0.554
0.89
0.971
0.719
0.816
0.299
0.804
0.107
0.419
0.843
0.093
0.933
0.869
0.03
0.548
0.135
0.258
0.092
0.942
0.825
0.754
0.91
0.979
0.754
0.987
0.051
0.096
0.504
0.836
0.317
0.019
0.754
0.75
0.098
0.064
0.511
0.937
0.173
0.304
0.278
0.251
0.429
0.429
0.858
0.48
0.246
0.025
0.885
0.691
0.317
0.173
0.91
0.1
0.511
0.118
0.146
0.885
0.23
0.368
0.304
0.025
0.251
0.952
0.092
0.173
0.885
0.317
0.976
0.016
0.016
0.1
0.151
0.175
0.23
0.278
0.278
0.477
0.252
0.368
0.563
0.942
0.439
0.429
0.1
0.227
0.802
0.511
0.522
0.175
0.246
0.328
0.883
0.907
0.019
0.83
0.368
0.477
0.979
0.1
0.979
0.317
0.883
0.976
0.278
0.511
0.66
0.118
0.112
0.969
0.535
0.118
0.317
0.098
0.025
0.062
0.553
0.511
0.429
0.175
0.146
0.23
0.593
0.173
0.546
0.511
0.796
0.051
0.504
0.535
0.942
0.1
0.251
0.51
0.885
0.979
0.708
0.802
0.294
0.796
0.1
0.383
0.83
0.092
0.942
0.858
0.019
0.504
0.146
0.251
0.089
0.951
0.831
0.773
0.913
0.981
0.773
0.99
0.056
0.093
0.536
0.839
0.327
0.032
0.773
0.773
0.097
0.069
0.545
0.95
0.183
0.317
0.301
0.279
0.452
0.452
0.86
0.507
0.271
0.037
0.881
0.711
0.327
0.183
0.913
0.103
0.545
0.127
0.146
0.885
0.249
0.39
0.317
0.037
0.279
0.959
0.089
0.183
0.881
0.327
0.979
0.025
0.025
0.103
0.153
0.185
0.249
0.301
0.301
0.505
0.282
0.39
0.61
0.951
0.463
0.452
0.103
0.241
0.809
0.545
0.561
0.185
0.271
0.339
0.878
0.9
0.032
0.837
0.39
0.505
0.981
0.103
0.981
0.327
0.878
0.979
0.301
0.545
0.689
0.127
0.12
0.974
0.566
0.127
0.327
0.097
0.037
0.065
0.598
0.545
0.452
0.185
0.146
0.249
0.634
0.183
0.581
0.545
0.8
0.056
0.536
0.566
0.951
0.103
0.279
0.544
0.885
0.981
0.72
0.809
0.307
0.8
0.103
0.399
0.837
0.089
0.951
0.86
0.032
0.536
0.146
0.279
0.093
0.949
0.853
0.786
0.925
0.983
0.786
0.989
0.05
0.096
0.535
0.862
0.336
0.025
0.786
0.785
0.099
0.069
0.543
0.949
0.178
0.327
0.302
0.286
0.46
0.46
0.881
0.509
0.28
0.033
0.901
0.709
0.336
0.178
0.925
0.108
0.543
0.127
0.149
0.908
0.252
0.415
0.327
0.033
0.286
0.965
0.093
0.178
0.901
0.336
0.982
0.019
0.019
0.108
0.155
0.183
0.252
0.302
0.302
0.507
0.287
0.415
0.588
0.949
0.471
0.46
0.108
0.247
0.836
0.543
0.557
0.183
0.28
0.344
0.901
0.921
0.025
0.858
0.415
0.507
0.983
0.108
0.983
0.336
0.901
0.982
0.302
0.543
0.691
0.127
0.116
0.98
0.565
0.127
0.336
0.099
0.033
0.062
0.578
0.543
0.46
0.183
0.149
0.252
0.612
0.178
0.572
0.543
0.828
0.05
0.535
0.565
0.949
0.108
0.286
0.542
0.908
0.983
0.724
0.836
0.314
0.827
0.108
0.426
0.858
0.093
0.949
0.881
0.025
0.535
0.149
0.286
0.103
0.941
0.817
0.752
0.914
0.981
0.752
0.994
0.055
0.108
0.539
0.834
0.347
0.036
0.752
0.748
0.111
0.076
0.543
0.939
0.19
0.338
0.317
0.289
0.458
0.458
0.854
0.514
0.282
0.04
0.879
0.679
0.347
0.19
0.914
0.115
0.543
0.133
0.158
0.883
0.261
0.408
0.338
0.04
0.289
0.952
0.103
0.19
0.879
0.347
0.977
0.025
0.025
0.115
0.163
0.192
0.261
0.317
0.317
0.51
0.294
0.408
0.582
0.941
0.474
0.458
0.115
0.251
0.791
0.543
0.556
0.192
0.282
0.356
0.878
0.905
0.036
0.825
0.408
0.51
0.981
0.115
0.981
0.347
0.878
0.977
0.317
0.543
0.653
0.133
0.127
0.974
0.56
0.133
0.347
0.111
0.04
0.072
0.574
0.543
0.458
0.192
0.158
0.261
0.603
0.19
0.57
0.543
0.783
0.055
0.539
0.56
0.941
0.115
0.289
0.542
0.883
0.981
0.693
0.791
0.326
0.783
0.115
0.416
0.825
0.103
0.941
0.854
0.036
0.539
0.158
0.289
0.1
0.949
0.86
0.805
0.923
0.989
0.805
0.995
0.061
0.102
0.554
0.869
0.333
0.036
0.805
0.804
0.104
0.076
0.564
0.948
0.171
0.316
0.298
0.271
0.463
0.463
0.882
0.53
0.262
0.042
0.9
0.73
0.333
0.171
0.923
0.11
0.564
0.129
0.142
0.904
0.249
0.403
0.316
0.042
0.271
0.957
0.1
0.171
0.9
0.333
0.987
0.022
0.022
0.11
0.147
0.173
0.249
0.298
0.298
0.528
0.276
0.403
0.616
0.949
0.476
0.463
0.11
0.242
0.845
0.564
0.574
0.173
0.262
0.347
0.9
0.917
0.036
0.864
0.403
0.528
0.989
0.11
0.989
0.333
0.9
0.987
0.298
0.564
0.702
0.129
0.118
0.981
0.582
0.129
0.333
0.104
0.042
0.071
0.607
0.564
0.463
0.173
0.142
0.249
0.636
0.171
0.601
0.564
0.833
0.061
0.554
0.582
0.949
0.11
0.271
0.562
0.904
0.989
0.75
0.845
0.306
0.832
0.11
0.414
0.864
0.1
0.949
0.882
0.036
0.554
0.142
0.271
0.1
0.949
0.853
0.784
0.931
0.987
0.784
0.991
0.051
0.101
0.55
0.867
0.335
0.03
0.784
0.782
0.103
0.079
0.555
0.948
0.176
0.318
0.287
0.265
0.462
0.462
0.88
0.524
0.259
0.034
0.903
0.714
0.335
0.176
0.931
0.112
0.555
0.131
0.143
0.908
0.238
0.41
0.318
0.034
0.265
0.957
0.1
0.176
0.903
0.335
0.986
0.022
0.022
0.112
0.147
0.176
0.238
0.287
0.287
0.517
0.267
0.41
0.598
0.949
0.477
0.462
0.112
0.23
0.827
0.555
0.573
0.176
0.259
0.343
0.899
0.922
0.03
0.858
0.41
0.517
0.987
0.112
0.987
0.335
0.899
0.986
0.287
0.555
0.685
0.131
0.127
0.981
0.579
0.131
0.335
0.103
0.034
0.075
0.591
0.555
0.462
0.176
0.143
0.238
0.615
0.176
0.588
0.555
0.814
0.051
0.55
0.579
0.949
0.112
0.265
0.555
0.908
0.987
0.728
0.827
0.303
0.814
0.112
0.42
0.858
0.1
0.949
0.88
0.03
0.55
0.143
0.265
0.116
0.942
0.86
0.784
0.921
0.984
0.784
0.992
0.065
0.118
0.55
0.868
0.332
0.03
0.784
0.781
0.119
0.086
0.557
0.942
0.192
0.316
0.299
0.274
0.469
0.469
0.879
0.527
0.266
0.038
0.897
0.703
0.332
0.192
0.921
0.122
0.557
0.138
0.15
0.901
0.244
0.413
0.316
0.038
0.274
0.957
0.116
0.192
0.897
0.332
0.982
0.021
0.021
0.122
0.157
0.195
0.244
0.299
0.299
0.524
0.277
0.413
0.604
0.942
0.483
0.469
0.122
0.239
0.826
0.557
0.575
0.195
0.266
0.343
0.895
0.916
0.03
0.864
0.413
0.524
0.984
0.122
0.984
0.332
0.895
0.982
0.299
0.557
0.68
0.138
0.132
0.978
0.581
0.138
0.332
0.119
0.038
0.08
0.596
0.557
0.469
0.195
0.15
0.244
0.616
0.192
0.587
0.557
0.819
0.065
0.55
0.581
0.942
0.122
0.274
0.557
0.901
0.984
0.718
0.826
0.309
0.819
0.122
0.42
0.864
0.116
0.942
0.879
0.03
0.55
0.15
0.274
0.086
0.954
0.853
0.786
0.933
0.984
0.786
0.992
0.047
0.088
0.561
0.873
0.341
0.023
0.786
0.785
0.09
0.061
0.568
0.953
0.183
0.329
0.307
0.278
0.465
0.465
0.891
0.528
0.275
0.029
0.907
0.697
0.341
0.183
0.933
0.098
0.568
0.117
0.137
0.91
0.262
0.403
0.329
0.029
0.278
0.962
0.086
0.183
0.907
0.341
0.983
0.021
0.021
0.098
0.146
0.188
0.262
0.307
0.307
0.523
0.281
0.403
0.611
0.954
0.477
0.465
0.098
0.258
0.828
0.568
0.579
0.188
0.275
0.353
0.905
0.923
0.023
0.867
0.403
0.523
0.984
0.098
0.984
0.341
0.905
0.983
0.307
0.568
0.675
0.117
0.11
0.977
0.586
0.117
0.341
0.09
0.029
0.059
0.604
0.568
0.465
0.188
0.137
0.262
0.627
0.183
0.598
0.568
0.82
0.047
0.561
0.586
0.954
0.098
0.278
0.565
0.91
0.984
0.715
0.828
0.319
0.819
0.098
0.415
0.867
0.086
0.954
0.891
0.023
0.561
0.137
0.278
0.086
0.935
0.824
0.745
0.905
0.974
0.745
0.985
0.04
0.089
0.491
0.834
0.301
0.023
0.745
0.743
0.09
0.059
0.502
0.933
0.161
0.293
0.275
0.25
0.413
0.413
0.849
0.463
0.245
0.025
0.87
0.665
0.301
0.161
0.905
0.097
0.502
0.113
0.129
0.876
0.227
0.358
0.293
0.025
0.25
0.947
0.086
0.161
0.87
0.301
0.972
0.015
0.015
0.097
0.138
0.164
0.227
0.275
0.275
0.46
0.253
0.358
0.563
0.935
0.426
0.413
0.097
0.222
0.798
0.502
0.522
0.164
0.245
0.31
0.868
0.897
0.023
0.828
0.358
0.46
0.974
0.097
0.974
0.301
0.868
0.972
0.275
0.502
0.636
0.113
0.107
0.966
0.524
0.113
0.301
0.09
0.025
0.055
0.55
0.502
0.413
0.164
0.129
0.227
0.581
0.161
0.536
0.502
0.784
0.04
0.491
0.524
0.935
0.097
0.25
0.501
0.876
0.974
0.675
0.798
0.284
0.783
0.097
0.366
0.828
0.086
0.935
0.849
0.023
0.491
0.129
0.25
0.093
0.931
0.833
0.772
0.908
0.976
0.772
0.984
0.045
0.096
0.544
0.85
0.341
0.023
0.772
0.771
0.099
0.062
0.554
0.93
0.17
0.33
0.301
0.266
0.447
0.447
0.86
0.511
0.259
0.026
0.888
0.689
0.341
0.17
0.908
0.106
0.554
0.124
0.142
0.891
0.233
0.403
0.33
0.026
0.266
0.944
0.093
0.17
0.888
0.341
0.974
0.019
0.019
0.106
0.145
0.172
0.233
0.301
0.301
0.506
0.268
0.403
0.607
0.931
0.466
0.447
0.106
0.227
0.806
0.554
0.564
0.172
0.259
0.352
0.886
0.902
0.023
0.842
0.403
0.506
0.976
0.106
0.976
0.341
0.886
0.974
0.301
0.554
0.67
0.124
0.119
0.966
0.572
0.124
0.341
0.099
0.026
0.055
0.596
0.554
0.447
0.172
0.142
0.233
0.631
0.17
0.584
0.554
0.795
0.045
0.544
0.572
0.931
0.106
0.266
0.552
0.891
0.976
0.709
0.806
0.316
0.795
0.106
0.412
0.842
0.093
0.931
0.86
0.023
0.544
0.142
0.266
0.086
0.951
0.835
0.753
0.92
0.987
0.753
0.995
0.05
0.09
0.512
0.846
0.311
0.034
0.753
0.751
0.091
0.066
0.522
0.95
0.158
0.297
0.267
0.25
0.425
0.425
0.862
0.484
0.238
0.037
0.885
0.682
0.311
0.158
0.92
0.097
0.522
0.117
0.132
0.891
0.217
0.376
0.297
0.037
0.25
0.965
0.086
0.158
0.885
0.311
0.984
0.028
0.028
0.097
0.141
0.159
0.217
0.267
0.267
0.48
0.252
0.376
0.574
0.951
0.437
0.425
0.097
0.215
0.809
0.522
0.541
0.159
0.238
0.322
0.885
0.907
0.034
0.84
0.376
0.48
0.987
0.097
0.987
0.311
0.885
0.984
0.267
0.522
0.661
0.117
0.107
0.98
0.547
0.117
0.311
0.091
0.037
0.065
0.567
0.522
0.425
0.159
0.132
0.217
0.599
0.158
0.558
0.522
0.801
0.05
0.512
0.547
0.951
0.097
0.25
0.518
0.891
0.987
0.695
0.809
0.276
0.801
0.097
0.381
0.84
0.086
0.951
0.862
0.034
0.512
0.132
0.25
0.094
0.942
0.828
0.764
0.913
0.975
0.764
0.987
0.06
0.097
0.527
0.846
0.312
0.027
0.764
0.763
0.101
0.076
0.535
0.939
0.169
0.297
0.268
0.246
0.442
0.442
0.864
0.49
0.239
0.034
0.884
0.696
0.312
0.169
0.913
0.107
0.535
0.129
0.144
0.89
0.221
0.38
0.297
0.034
0.246
0.952
0.094
0.169
0.884
0.312
0.971
0.02
0.02
0.107
0.149
0.17
0.221
0.268
0.268
0.486
0.246
0.38
0.587
0.942
0.457
0.442
0.107
0.218
0.809
0.535
0.553
0.17
0.239
0.331
0.883
0.904
0.027
0.842
0.38
0.486
0.975
0.107
0.975
0.312
0.883
0.971
0.268
0.535
0.673
0.129
0.121
0.969
0.557
0.129
0.312
0.101
0.034
0.073
0.582
0.535
0.442
0.17
0.144
0.221
0.612
0.169
0.572
0.535
0.801
0.06
0.527
0.557
0.942
0.107
0.246
0.534
0.89
0.975
0.713
0.809
0.286
0.799
0.107
0.392
0.842
0.094
0.942
0.864
0.027
0.527
0.144
0.246
0.09
0.955
0.858
0.781
0.929
0.982
0.781
0.991
0.045
0.093
0.535
0.865
0.349
0.023
0.781
0.777
0.093
0.069
0.541
0.955
0.19
0.331
0.302
0.273
0.461
0.461
0.88
0.504
0.267
0.028
0.9
0.686
0.349
0.19
0.929
0.096
0.541
0.127
0.149
0.903
0.248
0.402
0.331
0.028
0.273
0.964
0.09
0.19
0.9
0.349
0.982
0.017
0.017
0.096
0.154
0.193
0.248
0.302
0.302
0.501
0.275
0.402
0.586
0.955
0.466
0.461
0.096
0.242
0.825
0.541
0.558
0.193
0.267
0.36
0.9
0.921
0.023
0.861
0.402
0.501
0.982
0.096
0.982
0.349
0.9
0.982
0.302
0.541
0.665
0.127
0.116
0.979
0.561
0.127
0.349
0.093
0.028
0.065
0.579
0.541
0.461
0.193
0.149
0.248
0.604
0.19
0.574
0.541
0.811
0.045
0.535
0.561
0.955
0.096
0.273
0.54
0.903
0.982
0.701
0.825
0.316
0.811
0.096
0.415
0.861
0.09
0.955
0.88
0.023
0.535
0.149
0.273
0.099
0.947
0.849
0.785
0.931
0.98
0.785
0.99
0.058
0.103
0.538
0.87
0.338
0.024
0.785
0.784
0.105
0.07
0.549
0.946
0.191
0.322
0.301
0.28
0.46
0.46
0.883
0.516
0.272
0.031
0.901
0.716
0.338
0.191
0.931
0.114
0.549
0.143
0.168
0.906
0.249
0.396
0.322
0.031
0.28
0.954
0.099
0.191
0.901
0.338
0.978
0.015
0.015
0.114
0.175
0.192
0.249
0.301
0.301
0.514
0.282
0.396
0.598
0.947
0.473
0.46
0.114
0.245
0.823
0.549
0.567
0.192
0.272
0.35
0.899
0.923
0.024
0.858
0.396
0.514
0.98
0.114
0.98
0.338
0.899
0.978
0.301
0.549
0.693
0.143
0.133
0.973
0.572
0.143
0.338
0.105
0.031
0.067
0.589
0.549
0.46
0.192
0.168
0.249
0.623
0.191
0.584
0.549
0.814
0.058
0.538
0.572
0.947
0.114
0.28
0.547
0.906
0.98
0.73
0.823
0.31
0.814
0.114
0.407
0.858
0.099
0.947
0.883
0.024
0.538
0.168
0.28
0.101
0.949
0.848
0.776
0.923
0.983
0.776
0.99
0.054
0.106
0.542
0.862
0.335
0.026
0.776
0.774
0.111
0.069
0.549
0.946
0.198
0.319
0.293
0.274
0.455
0.455
0.88
0.513
0.267
0.033
0.901
0.718
0.335
0.198
0.923
0.116
0.549
0.14
0.161
0.906
0.245
0.4
0.319
0.033
0.274
0.962
0.101
0.198
0.901
0.335
0.98
0.015
0.015
0.116
0.165
0.199
0.245
0.293
0.293
0.511
0.274
0.4
0.601
0.949
0.47
0.455
0.116
0.241
0.817
0.549
0.569
0.199
0.267
0.348
0.899
0.916
0.026
0.857
0.4
0.511
0.983
0.116
0.983
0.335
0.899
0.98
0.293
0.549
0.694
0.14
0.13
0.976
0.578
0.14
0.335
0.111
0.033
0.065
0.594
0.549
0.455
0.199
0.161
0.245
0.625
0.198
0.589
0.549
0.809
0.054
0.542
0.578
0.949
0.116
0.274
0.547
0.906
0.983
0.73
0.817
0.307
0.808
0.116
0.41
0.857
0.101
0.949
0.88
0.026
0.542
0.161
0.274
0.101
0.923
0.826
0.756
0.905
0.966
0.756
0.977
0.051
0.103
0.552
0.84
0.348
0.033
0.756
0.753
0.106
0.08
0.556
0.923
0.194
0.329
0.307
0.278
0.467
0.467
0.861
0.519
0.269
0.038
0.875
0.683
0.348
0.194
0.905
0.114
0.556
0.147
0.165
0.879
0.24
0.412
0.329
0.038
0.278
0.934
0.101
0.194
0.875
0.348
0.964
0.028
0.028
0.114
0.171
0.195
0.24
0.307
0.307
0.514
0.281
0.412
0.595
0.923
0.477
0.467
0.114
0.232
0.804
0.556
0.568
0.195
0.269
0.36
0.874
0.894
0.033
0.832
0.412
0.514
0.966
0.114
0.966
0.348
0.874
0.964
0.307
0.556
0.661
0.147
0.134
0.959
0.574
0.147
0.348
0.106
0.038
0.076
0.586
0.556
0.467
0.195
0.165
0.24
0.609
0.194
0.583
0.556
0.796
0.051
0.552
0.574
0.923
0.114
0.278
0.556
0.879
0.966
0.696
0.804
0.322
0.795
0.114
0.418
0.832
0.101
0.923
0.861
0.033
0.552
0.165
0.278
0.097
0.948
0.846
0.777
0.926
0.981
0.777
0.99
0.051
0.103
0.56
0.857
0.328
0.022
0.777
0.776
0.104
0.068
0.57
0.947
0.186
0.319
0.3
0.276
0.47
0.47
0.879
0.527
0.272
0.026
0.898
0.71
0.328
0.186
0.926
0.109
0.57
0.13
0.15
0.903
0.256
0.406
0.319
0.026
0.276
0.953
0.097
0.186
0.898
0.328
0.979
0.011
0.011
0.109
0.158
0.189
0.256
0.3
0.3
0.525
0.277
0.406
0.616
0.948
0.482
0.47
0.109
0.25
0.816
0.57
0.583
0.189
0.272
0.349
0.898
0.916
0.022
0.855
0.406
0.525
0.981
0.109
0.981
0.328
0.898
0.979
0.3
0.57
0.69
0.13
0.123
0.974
0.589
0.13
0.328
0.104
0.026
0.064
0.603
0.57
0.47
0.189
0.15
0.256
0.629
0.186
0.599
0.57
0.809
0.051
0.56
0.589
0.948
0.109
0.276
0.57
0.903
0.981
0.725
0.816
0.308
0.808
0.109
0.416
0.855
0.097
0.948
0.879
0.022
0.56
0.15
0.276
0.097
0.943
0.852
0.794
0.919
0.984
0.794
0.994
0.05
0.099
0.545
0.863
0.34
0.025
0.794
0.792
0.103
0.071
0.553
0.941
0.186
0.33
0.309
0.281
0.46
0.46
0.872
0.523
0.273
0.032
0.889
0.712
0.34
0.186
0.919
0.11
0.553
0.136
0.155
0.895
0.258
0.403
0.33
0.032
0.281
0.959
0.097
0.186
0.889
0.34
0.983
0.021
0.021
0.11
0.162
0.187
0.258
0.309
0.309
0.522
0.287
0.403
0.61
0.943
0.467
0.46
0.11
0.258
0.831
0.553
0.574
0.187
0.273
0.36
0.887
0.908
0.025
0.856
0.403
0.522
0.984
0.11
0.984
0.34
0.887
0.983
0.309
0.553
0.688
0.136
0.126
0.975
0.582
0.136
0.34
0.103
0.032
0.066
0.6
0.553
0.46
0.187
0.155
0.258
0.632
0.186
0.592
0.553
0.823
0.05
0.545
0.582
0.943
0.11
0.281
0.553
0.895
0.984
0.726
0.831
0.316
0.823
0.11
0.417
0.856
0.097
0.943
0.872
0.025
0.545
0.155
0.281
0.112
0.935
0.833
0.764
0.906
0.98
0.764
0.988
0.057
0.113
0.545
0.845
0.336
0.027
0.764
0.76
0.115
0.074
0.55
0.933
0.181
0.325
0.304
0.283
0.449
0.449
0.863
0.513
0.276
0.036
0.885
0.699
0.336
0.181
0.906
0.118
0.55
0.14
0.157
0.886
0.255
0.39
0.325
0.036
0.283
0.95
0.112
0.181
0.885
0.336
0.976
0.018
0.018
0.118
0.168
0.181
0.255
0.304
0.304
0.506
0.285
0.39
0.595
0.935
0.459
0.449
0.118
0.25
0.803
0.55
0.566
0.181
0.276
0.349
0.884
0.898
0.027
0.836
0.39
0.506
0.98
0.118
0.98
0.336
0.884
0.976
0.304
0.55
0.68
0.14
0.133
0.972
0.569
0.14
0.336
0.115
0.036
0.072
0.592
0.55
0.449
0.181
0.157
0.255
0.621
0.181
0.58
0.55
0.796
0.057
0.545
0.569
0.935
0.118
0.283
0.55
0.886
0.98
0.708
0.803
0.314
0.796
0.118
0.401
0.836
0.112
0.935
0.863
0.027
0.545
0.157
0.283
0.087
0.954
0.826
0.76
0.937
0.985
0.76
0.993
0.047
0.09
0.543
0.845
0.334
0.023
0.76
0.755
0.093
0.063
0.555
0.954
0.168
0.312
0.277
0.251
0.459
0.459
0.869
0.515
0.243
0.028
0.893
0.686
0.334
0.168
0.937
0.098
0.555
0.125
0.139
0.896
0.226
0.403
0.312
0.028
0.251
0.964
0.087
0.168
0.893
0.334
0.984
0.016
0.016
0.098
0.148
0.169
0.226
0.277
0.277
0.513
0.253
0.403
0.603
0.954
0.472
0.459
0.098
0.222
0.797
0.555
0.567
0.169
0.243
0.347
0.891
0.92
0.023
0.837
0.403
0.513
0.985
0.098
0.985
0.334
0.891
0.984
0.277
0.555
0.667
0.125
0.113
0.981
0.576
0.125
0.334
0.093
0.028
0.059
0.597
0.555
0.459
0.169
0.139
0.226
0.616
0.168
0.591
0.555
0.789
0.047
0.543
0.576
0.954
0.098
0.251
0.552
0.896
0.985
0.705
0.797
0.293
0.788
0.098
0.414
0.837
0.087
0.954
0.869
0.023
0.543
0.139
0.251
0.098
0.936
0.82
0.756
0.899
0.978
0.756
0.99
0.043
0.104
0.519
0.833
0.316
0.022
0.756
0.753
0.108
0.066
0.529
0.935
0.183
0.304
0.29
0.276
0.436
0.436
0.846
0.49
0.267
0.028
0.868
0.684
0.316
0.183
0.899
0.112
0.529
0.14
0.154
0.869
0.249
0.387
0.304
0.028
0.276
0.952
0.098
0.183
0.868
0.316
0.974
0.014
0.014
0.112
0.157
0.183
0.249
0.29
0.29
0.487
0.277
0.387
0.582
0.936
0.449
0.436
0.112
0.248
0.804
0.529
0.55
0.183
0.267
0.329
0.868
0.886
0.022
0.83
0.387
0.487
0.978
0.112
0.978
0.316
0.868
0.974
0.29
0.529
0.671
0.14
0.129
0.972
0.556
0.14
0.316
0.108
0.028
0.06
0.574
0.529
0.436
0.183
0.154
0.249
0.614
0.183
0.564
0.529
0.79
0.043
0.519
0.556
0.936
0.112
0.276
0.528
0.869
0.978
0.697
0.804
0.298
0.789
0.112
0.401
0.83
0.098
0.936
0.846
0.022
0.519
0.154
0.276
0.102
0.939
0.842
0.77
0.91
0.979
0.77
0.984
0.052
0.107
0.511
0.852
0.315
0.028
0.77
0.766
0.107
0.073
0.518
0.939
0.18
0.309
0.281
0.254
0.439
0.439
0.873
0.482
0.248
0.034
0.891
0.681
0.315
0.18
0.91
0.113
0.518
0.128
0.147
0.894
0.225
0.39
0.309
0.034
0.254
0.95
0.102
0.18
0.891
0.315
0.976
0.019
0.019
0.113
0.154
0.181
0.225
0.281
0.281
0.478
0.255
0.39
0.584
0.939
0.447
0.439
0.113
0.223
0.812
0.518
0.54
0.181
0.248
0.33
0.888
0.904
0.028
0.849
0.39
0.478
0.979
0.113
0.979
0.315
0.888
0.976
0.281
0.518
0.656
0.128
0.123
0.97
0.546
0.128
0.315
0.107
0.034
0.07
0.571
0.518
0.439
0.181
0.147
0.225
0.605
0.18
0.564
0.518
0.802
0.052
0.511
0.546
0.939
0.113
0.254
0.517
0.894
0.979
0.704
0.812
0.295
0.801
0.113
0.398
0.849
0.102
0.939
0.873
0.028
0.511
0.147
0.254
0.11
0.929
0.831
0.77
0.898
0.979
0.77
0.986
0.06
0.113
0.527
0.836
0.326
0.03
0.77
0.768
0.115
0.082
0.53
0.927
0.19
0.31
0.29
0.273
0.445
0.445
0.85
0.506
0.269
0.035
0.871
0.686
0.326
0.19
0.898
0.119
0.53
0.142
0.162
0.875
0.249
0.399
0.31
0.035
0.273
0.943
0.11
0.19
0.871
0.326
0.975
0.025
0.025
0.119
0.166
0.191
0.249
0.29
0.29
0.501
0.276
0.399
0.577
0.929
0.459
0.445
0.119
0.247
0.807
0.53
0.548
0.191
0.269
0.336
0.871
0.889
0.03
0.833
0.399
0.501
0.979
0.119
0.979
0.326
0.871
0.975
0.29
0.53
0.662
0.142
0.135
0.968
0.552
0.142
0.326
0.115
0.035
0.079
0.568
0.53
0.445
0.191
0.162
0.249
0.599
0.19
0.563
0.53
0.798
0.06
0.527
0.552
0.929
0.119
0.273
0.529
0.875
0.979
0.698
0.807
0.3
0.798
0.119
0.407
0.833
0.11
0.929
0.85
0.03
0.527
0.162
0.273
0.08
0.948
0.851
0.779
0.924
0.983
0.779
0.991
0.053
0.082
0.543
0.862
0.333
0.03
0.779
0.776
0.086
0.062
0.55
0.946
0.176
0.317
0.301
0.284
0.472
0.472
0.879
0.518
0.266
0.034
0.898
0.706
0.333
0.176
0.924
0.095
0.55
0.116
0.127
0.901
0.246
0.408
0.317
0.034
0.284
0.955
0.08
0.176
0.898
0.333
0.978
0.021
0.021
0.095
0.14
0.179
0.246
0.301
0.301
0.514
0.288
0.408
0.603
0.948
0.483
0.472
0.095
0.241
0.823
0.55
0.568
0.179
0.266
0.343
0.897
0.919
0.03
0.855
0.408
0.514
0.983
0.095
0.983
0.333
0.897
0.978
0.301
0.55
0.685
0.116
0.112
0.973
0.574
0.116
0.333
0.086
0.034
0.059
0.596
0.55
0.472
0.179
0.127
0.246
0.62
0.176
0.589
0.55
0.813
0.053
0.543
0.574
0.948
0.095
0.284
0.55
0.901
0.983
0.721
0.823
0.311
0.812
0.095
0.42
0.855
0.08
0.948
0.879
0.03
0.543
0.127
0.284
0.1
0.948
0.841
0.782
0.926
0.979
0.782
0.982
0.054
0.104
0.546
0.855
0.332
0.027
0.782
0.778
0.106
0.074
0.555
0.947
0.181
0.322
0.3
0.282
0.465
0.465
0.876
0.515
0.277
0.032
0.902
0.707
0.332
0.181
0.926
0.112
0.555
0.137
0.145
0.906
0.25
0.42
0.322
0.032
0.282
0.958
0.1
0.181
0.902
0.332
0.977
0.022
0.022
0.112
0.151
0.182
0.25
0.3
0.3
0.514
0.286
0.42
0.601
0.948
0.481
0.465
0.112
0.245
0.816
0.555
0.566
0.182
0.277
0.351
0.901
0.917
0.027
0.847
0.42
0.514
0.979
0.112
0.979
0.332
0.901
0.977
0.3
0.555
0.682
0.137
0.127
0.974
0.573
0.137
0.332
0.106
0.032
0.062
0.591
0.555
0.465
0.182
0.145
0.25
0.616
0.181
0.585
0.555
0.813
0.054
0.546
0.573
0.948
0.112
0.282
0.555
0.906
0.979
0.728
0.816
0.307
0.812
0.112
0.425
0.847
0.1
0.948
0.876
0.027
0.546
0.145
0.282
0.095
0.928
0.835
0.766
0.897
0.97
0.766
0.984
0.05
0.099
0.533
0.844
0.313
0.027
0.766
0.762
0.099
0.07
0.544
0.926
0.176
0.302
0.281
0.26
0.447
0.447
0.852
0.497
0.251
0.032
0.871
0.69
0.313
0.176
0.897
0.104
0.544
0.124
0.146
0.872
0.23
0.386
0.302
0.032
0.26
0.945
0.095
0.176
0.871
0.313
0.967
0.023
0.023
0.104
0.153
0.176
0.23
0.281
0.281
0.494
0.262
0.386
0.602
0.928
0.459
0.447
0.104
0.228
0.817
0.544
0.566
0.176
0.251
0.322
0.869
0.888
0.027
0.84
0.386
0.494
0.97
0.104
0.97
0.313
0.869
0.967
0.281
0.544
0.666
0.124
0.116
0.959
0.572
0.124
0.313
0.099
0.032
0.066
0.589
0.544
0.447
0.176
0.146
0.23
0.624
0.176
0.582
0.544
0.801
0.05
0.533
0.572
0.928
0.104
0.26
0.542
0.872
0.97
0.709
0.817
0.289
0.8
0.104
0.399
0.84
0.095
0.928
0.852
0.027
0.533
0.146
0.26
0.09
0.955
0.854
0.772
0.934
0.985
0.772
0.99
0.06
0.095
0.524
0.867
0.343
0.019
0.772
0.769
0.098
0.069
0.528
0.955
0.19
0.328
0.298
0.278
0.448
0.448
0.889
0.497
0.273
0.029
0.904
0.692
0.343
0.19
0.934
0.106
0.528
0.135
0.152
0.908
0.252
0.402
0.328
0.029
0.278
0.967
0.09
0.19
0.904
0.343
0.982
0.016
0.016
0.106
0.16
0.195
0.252
0.298
0.298
0.495
0.28
0.402
0.593
0.955
0.456
0.448
0.106
0.246
0.83
0.528
0.554
0.195
0.273
0.356
0.904
0.924
0.019
0.859
0.402
0.495
0.985
0.106
0.985
0.343
0.904
0.982
0.298
0.528
0.664
0.135
0.122
0.977
0.56
0.135
0.343
0.098
0.029
0.067
0.581
0.528
0.448
0.195
0.152
0.252
0.604
0.19
0.572
0.528
0.815
0.06
0.524
0.56
0.955
0.106
0.278
0.527
0.908
0.985
0.708
0.83
0.313
0.813
0.106
0.41
0.859
0.09
0.955
0.889
0.019
0.524
0.152
0.278
0.105
0.956
0.836
0.758
0.93
0.994
0.758
0.996
0.05
0.109
0.528
0.857
0.324
0.028
0.758
0.757
0.112
0.073
0.536
0.954
0.171
0.308
0.291
0.262
0.442
0.442
0.884
0.496
0.259
0.032
0.904
0.687
0.324
0.171
0.93
0.116
0.536
0.133
0.144
0.906
0.247
0.39
0.308
0.032
0.262
0.964
0.105
0.171
0.904
0.324
0.993
0.016
0.016
0.116
0.148
0.175
0.247
0.291
0.291
0.493
0.265
0.39
0.593
0.956
0.455
0.442
0.116
0.24
0.81
0.536
0.549
0.175
0.259
0.338
0.902
0.919
0.028
0.845
0.39
0.493
0.994
0.116
0.994
0.324
0.902
0.993
0.291
0.536
0.666
0.133
0.127
0.985
0.56
0.133
0.324
0.112
0.032
0.067
0.581
0.536
0.442
0.175
0.144
0.247
0.611
0.171
0.574
0.536
0.803
0.05
0.528
0.56
0.956
0.116
0.262
0.534
0.906
0.994
0.7
0.81
0.298
0.802
0.116
0.397
0.845
0.105
0.956
0.884
0.028
0.528
0.144
0.262
0.08
0.943
0.832
0.77
0.917
0.983
0.77
0.994
0.048
0.081
0.531
0.844
0.314
0.017
0.77
0.765
0.083
0.055
0.54
0.942
0.158
0.292
0.268
0.246
0.438
0.438
0.86
0.5
0.243
0.027
0.886
0.707
0.314
0.158
0.917
0.086
0.54
0.105
0.122
0.888
0.224
0.39
0.292
0.027
0.246
0.955
0.08
0.158
0.886
0.314
0.978
0.009
0.009
0.086
0.131
0.16
0.224
0.268
0.268
0.498
0.248
0.39
0.594
0.943
0.452
0.438
0.086
0.219
0.815
0.54
0.558
0.16
0.243
0.326
0.886
0.905
0.017
0.838
0.39
0.498
0.983
0.086
0.983
0.314
0.886
0.978
0.268
0.54
0.69
0.105
0.095
0.975
0.56
0.105
0.314
0.083
0.027
0.054
0.582
0.54
0.438
0.16
0.122
0.224
0.618
0.158
0.573
0.54
0.811
0.048
0.531
0.56
0.943
0.086
0.246
0.536
0.888
0.983
0.715
0.815
0.279
0.81
0.086
0.401
0.838
0.08
0.943
0.86
0.017
0.531
0.122
0.246
0.11
0.934
0.833
0.756
0.908
0.978
0.756
0.988
0.065
0.115
0.544
0.85
0.327
0.035
0.756
0.752
0.117
0.082
0.555
0.934
0.199
0.318
0.288
0.258
0.453
0.453
0.866
0.507
0.256
0.037
0.885
0.692
0.327
0.199
0.908
0.121
0.555
0.146
0.164
0.889
0.236
0.403
0.318
0.037
0.258
0.946
0.11
0.199
0.885
0.327
0.975
0.025
0.025
0.121
0.171
0.2
0.236
0.288
0.288
0.501
0.26
0.403
0.597
0.934
0.463
0.453
0.121
0.235
0.801
0.555
0.566
0.2
0.256
0.339
0.885
0.901
0.035
0.844
0.403
0.501
0.978
0.121
0.978
0.327
0.885
0.975
0.288
0.555
0.663
0.146
0.131
0.972
0.571
0.146
0.327
0.117
0.037
0.076
0.592
0.555
0.453
0.2
0.164
0.236
0.608
0.199
0.583
0.555
0.794
0.065
0.544
0.571
0.934
0.121
0.258
0.552
0.889
0.978
0.703
0.801
0.299
0.793
0.121
0.413
0.844
0.11
0.934
0.866
0.035
0.544
0.164
0.258
0.098
0.943
0.838
0.775
0.905
0.98
0.775
0.989
0.053
0.102
0.526
0.85
0.315
0.03
0.775
0.772
0.103
0.071
0.536
0.942
0.171
0.298
0.28
0.262
0.451
0.451
0.874
0.501
0.254
0.034
0.889
0.697
0.315
0.171
0.905
0.111
0.536
0.128
0.145
0.892
0.232
0.39
0.298
0.034
0.262
0.953
0.098
0.171
0.889
0.315
0.978
0.021
0.021
0.111
0.149
0.174
0.232
0.28
0.28
0.498
0.265
0.39
0.592
0.943
0.463
0.451
0.111
0.229
0.822
0.536
0.553
0.174
0.254
0.334
0.888
0.901
0.03
0.842
0.39
0.498
0.98
0.111
0.98
0.315
0.888
0.978
0.28
0.536
0.672
0.128
0.122
0.969
0.556
0.128
0.315
0.103
0.034
0.067
0.58
0.536
0.451
0.174
0.145
0.232
0.607
0.171
0.57
0.536
0.814
0.053
0.526
0.556
0.943
0.111
0.262
0.535
0.892
0.98
0.705
0.822
0.288
0.814
0.111
0.405
0.842
0.098
0.943
0.874
0.03
0.526
0.145
0.262
0.088
0.949
0.831
0.761
0.919
0.989
0.761
0.995
0.053
0.09
0.513
0.838
0.319
0.03
0.761
0.754
0.093
0.067
0.519
0.948
0.151
0.306
0.272
0.247
0.439
0.439
0.858
0.484
0.242
0.036
0.891
0.683
0.319
0.151
0.919
0.104
0.519
0.113
0.128
0.892
0.23
0.383
0.306
0.036
0.247
0.963
0.088
0.151
0.891
0.319
0.988
0.026
0.026
0.104
0.136
0.154
0.23
0.272
0.272
0.483
0.249
0.383
0.578
0.949
0.448
0.439
0.104
0.224
0.801
0.519
0.534
0.154
0.242
0.332
0.888
0.908
0.03
0.834
0.383
0.483
0.989
0.104
0.989
0.319
0.888
0.988
0.272
0.519
0.656
0.113
0.112
0.983
0.538
0.113
0.319
0.093
0.036
0.064
0.568
0.519
0.439
0.154
0.128
0.23
0.594
0.151
0.556
0.519
0.794
0.053
0.513
0.538
0.949
0.104
0.247
0.519
0.892
0.989
0.703
0.801
0.289
0.792
0.104
0.397
0.834
0.088
0.949
0.858
0.03
0.513
0.128
0.247
0.093
0.949
0.861
0.789
0.92
0.98
0.789
0.988
0.053
0.094
0.541
0.87
0.312
0.029
0.789
0.787
0.098
0.075
0.548
0.948
0.162
0.305
0.285
0.258
0.452
0.452
0.883
0.514
0.25
0.032
0.9
0.706
0.312
0.162
0.92
0.103
0.548
0.128
0.139
0.903
0.225
0.395
0.305
0.032
0.258
0.956
0.093
0.162
0.9
0.312
0.979
0.022
0.022
0.103
0.145
0.167
0.225
0.285
0.285
0.511
0.26
0.395
0.596
0.949
0.466
0.452
0.103
0.219
0.836
0.548
0.568
0.167
0.25
0.329
0.899
0.916
0.029
0.866
0.395
0.511
0.98
0.103
0.98
0.312
0.899
0.979
0.285
0.548
0.685
0.128
0.117
0.977
0.577
0.128
0.312
0.098
0.032
0.072
0.591
0.548
0.452
0.167
0.139
0.225
0.619
0.162
0.584
0.548
0.828
0.053
0.541
0.577
0.949
0.103
0.258
0.548
0.903
0.98
0.721
0.836
0.293
0.827
0.103
0.403
0.866
0.093
0.949
0.883
0.029
0.541
0.139
0.258
0.109
0.948
0.848
0.793
0.921
0.984
0.793
0.99
0.06
0.111
0.544
0.855
0.337
0.032
0.793
0.791
0.112
0.079
0.549
0.948
0.18
0.329
0.307
0.284
0.457
0.457
0.875
0.522
0.281
0.041
0.899
0.713
0.337
0.18
0.921
0.118
0.549
0.135
0.154
0.9
0.257
0.412
0.329
0.041
0.284
0.96
0.109
0.18
0.899
0.337
0.984
0.022
0.022
0.118
0.159
0.182
0.257
0.307
0.307
0.514
0.288
0.412
0.598
0.948
0.464
0.457
0.118
0.251
0.827
0.549
0.563
0.182
0.281
0.355
0.899
0.916
0.032
0.852
0.412
0.514
0.984
0.118
0.984
0.337
0.899
0.984
0.307
0.549
0.685
0.135
0.131
0.979
0.571
0.135
0.337
0.112
0.041
0.075
0.595
0.549
0.457
0.182
0.154
0.257
0.626
0.18
0.583
0.549
0.823
0.06
0.544
0.571
0.948
0.118
0.284
0.549
0.9
0.984
0.725
0.827
0.317
0.823
0.118
0.419
0.852
0.109
0.948
0.875
0.032
0.544
0.154
0.284
0.096
0.941
0.831
0.757
0.914
0.976
0.757
0.986
0.064
0.097
0.547
0.844
0.345
0.031
0.757
0.753
0.098
0.074
0.554
0.941
0.182
0.325
0.288
0.273
0.462
0.462
0.862
0.518
0.267
0.041
0.886
0.687
0.345
0.182
0.914
0.103
0.554
0.125
0.147
0.894
0.245
0.412
0.325
0.041
0.273
0.952
0.096
0.182
0.886
0.345
0.974
0.026
0.026
0.103
0.151
0.187
0.245
0.288
0.288
0.515
0.276
0.412
0.593
0.941
0.476
0.462
0.103
0.238
0.803
0.554
0.564
0.187
0.267
0.357
0.885
0.908
0.031
0.836
0.412
0.515
0.976
0.103
0.976
0.345
0.885
0.974
0.288
0.554
0.666
0.125
0.116
0.97
0.564
0.125
0.345
0.098
0.041
0.071
0.587
0.554
0.462
0.187
0.147
0.245
0.616
0.182
0.574
0.554
0.797
0.064
0.547
0.564
0.941
0.103
0.273
0.553
0.894
0.976
0.7
0.803
0.303
0.796
0.103
0.417
0.836
0.096
0.941
0.862
0.031
0.547
0.147
0.273
0.098
0.939
0.825
0.769
0.91
0.978
0.769
0.99
0.056
0.1
0.511
0.84
0.311
0.029
0.769
0.767
0.1
0.067
0.519
0.937
0.177
0.303
0.278
0.256
0.424
0.424
0.858
0.484
0.249
0.034
0.884
0.682
0.311
0.177
0.91
0.105
0.519
0.129
0.142
0.886
0.236
0.376
0.303
0.034
0.256
0.95
0.098
0.177
0.884
0.311
0.977
0.021
0.021
0.105
0.146
0.18
0.236
0.278
0.278
0.48
0.261
0.376
0.574
0.939
0.443
0.424
0.105
0.232
0.804
0.519
0.536
0.18
0.249
0.327
0.883
0.9
0.029
0.832
0.376
0.48
0.978
0.105
0.978
0.311
0.883
0.977
0.278
0.519
0.657
0.129
0.116
0.973
0.545
0.129
0.311
0.1
0.034
0.064
0.563
0.519
0.424
0.18
0.142
0.236
0.599
0.177
0.557
0.519
0.798
0.056
0.511
0.545
0.939
0.105
0.256
0.514
0.886
0.978
0.698
0.804
0.289
0.797
0.105
0.384
0.832
0.098
0.939
0.858
0.029
0.511
0.142
0.256
0.084
0.942
0.824
0.755
0.911
0.98
0.755
0.988
0.042
0.086
0.511
0.837
0.334
0.022
0.755
0.754
0.088
0.067
0.517
0.942
0.174
0.322
0.299
0.268
0.443
0.443
0.863
0.479
0.264
0.026
0.883
0.684
0.334
0.174
0.911
0.095
0.517
0.126
0.144
0.884
0.24
0.392
0.322
0.026
0.268
0.953
0.084
0.174
0.883
0.334
0.978
0.015
0.015
0.095
0.149
0.174
0.24
0.299
0.299
0.477
0.275
0.392
0.567
0.942
0.452
0.443
0.095
0.234
0.798
0.517
0.534
0.174
0.264
0.346
0.881
0.903
0.022
0.832
0.392
0.477
0.98
0.095
0.98
0.334
0.881
0.978
0.299
0.517
0.66
0.126
0.111
0.974
0.539
0.126
0.334
0.088
0.026
0.063
0.562
0.517
0.443
0.174
0.144
0.24
0.585
0.174
0.551
0.517
0.791
0.042
0.511
0.539
0.942
0.095
0.268
0.517
0.884
0.98
0.698
0.798
0.307
0.789
0.095
0.405
0.832
0.084
0.942
0.863
0.022
0.511
0.144
0.268
0.097
0.944
0.83
0.76
0.917
0.988
0.76
0.993
0.049
0.101
0.522
0.842
0.33
0.028
0.76
0.759
0.105
0.074
0.526
0.944
0.185
0.319
0.293
0.255
0.45
0.45
0.863
0.495
0.251
0.033
0.882
0.691
0.33
0.185
0.917
0.111
0.526
0.135
0.149
0.889
0.235
0.391
0.319
0.033
0.255
0.953
0.097
0.185
0.882
0.33
0.985
0.021
0.021
0.111
0.156
0.189
0.235
0.293
0.293
0.492
0.259
0.391
0.582
0.944
0.46
0.45
0.111
0.231
0.806
0.526
0.538
0.189
0.251
0.339
0.88
0.908
0.028
0.834
0.391
0.492
0.988
0.111
0.988
0.33
0.88
0.985
0.293
0.526
0.662
0.135
0.127
0.981
0.544
0.135
0.33
0.105
0.033
0.072
0.572
0.526
0.45
0.189
0.149
0.235
0.595
0.185
0.564
0.526
0.803
0.049
0.522
0.544
0.944
0.111
0.255
0.525
0.889
0.988
0.704
0.806
0.301
0.799
0.111
0.402
0.834
0.097
0.944
0.863
0.028
0.522
0.149
0.255
0.085
0.939
0.834
0.756
0.915
0.979
0.756
0.991
0.044
0.088
0.511
0.852
0.312
0.023
0.756
0.753
0.089
0.062
0.519
0.939
0.171
0.305
0.283
0.264
0.413
0.413
0.862
0.475
0.259
0.028
0.884
0.678
0.312
0.171
0.915
0.094
0.519
0.112
0.132
0.889
0.24
0.365
0.305
0.028
0.264
0.956
0.085
0.171
0.884
0.312
0.977
0.019
0.019
0.094
0.138
0.173
0.24
0.283
0.283
0.472
0.266
0.365
0.573
0.939
0.424
0.413
0.094
0.232
0.806
0.519
0.535
0.173
0.259
0.322
0.883
0.901
0.023
0.844
0.365
0.472
0.979
0.094
0.979
0.312
0.883
0.977
0.283
0.519
0.653
0.112
0.106
0.976
0.543
0.112
0.312
0.089
0.028
0.058
0.564
0.519
0.413
0.173
0.132
0.24
0.593
0.171
0.557
0.519
0.799
0.044
0.511
0.543
0.939
0.094
0.264
0.516
0.889
0.979
0.698
0.806
0.293
0.798
0.094
0.376
0.844
0.085
0.939
0.862
0.023
0.511
0.132
0.264
0.1
0.947
0.831
0.768
0.921
0.982
0.768
0.988
0.055
0.104
0.546
0.84
0.325
0.028
0.768
0.763
0.11
0.071
0.55
0.946
0.176
0.312
0.29
0.271
0.458
0.458
0.863
0.518
0.265
0.037
0.884
0.7
0.325
0.176
0.921
0.114
0.55
0.127
0.144
0.89
0.243
0.397
0.312
0.037
0.271
0.958
0.1
0.176
0.884
0.325
0.98
0.022
0.022
0.114
0.15
0.178
0.243
0.29
0.29
0.514
0.271
0.397
0.607
0.947
0.473
0.458
0.114
0.236
0.811
0.55
0.568
0.178
0.265
0.342
0.884
0.91
0.028
0.837
0.397
0.514
0.982
0.114
0.982
0.325
0.884
0.98
0.29
0.55
0.688
0.127
0.12
0.977
0.574
0.127
0.325
0.11
0.037
0.067
0.598
0.55
0.458
0.178
0.144
0.243
0.63
0.176
0.593
0.55
0.803
0.055
0.546
0.574
0.947
0.114
0.271
0.548
0.89
0.982
0.716
0.811
0.297
0.802
0.114
0.406
0.837
0.1
0.947
0.863
0.028
0.546
0.144
0.271
0.104
0.941
0.827
0.764
0.905
0.982
0.764
0.989
0.06
0.106
0.526
0.842
0.333
0.029
0.764
0.762
0.109
0.077
0.536
0.94
0.207
0.328
0.309
0.291
0.45
0.45
0.863
0.501
0.285
0.038
0.882
0.69
0.333
0.207
0.905
0.119
0.536
0.149
0.167
0.882
0.268
0.39
0.328
0.038
0.291
0.956
0.104
0.207
0.882
0.333
0.981
0.022
0.022
0.119
0.174
0.208
0.268
0.309
0.309
0.495
0.292
0.39
0.593
0.941
0.46
0.45
0.119
0.262
0.807
0.536
0.553
0.208
0.285
0.342
0.881
0.893
0.029
0.836
0.39
0.495
0.982
0.119
0.982
0.333
0.881
0.981
0.309
0.536
0.672
0.149
0.133
0.978
0.561
0.149
0.333
0.109
0.038
0.075
0.583
0.536
0.45
0.208
0.167
0.268
0.613
0.207
0.573
0.536
0.799
0.06
0.526
0.561
0.941
0.119
0.291
0.535
0.882
0.982
0.704
0.807
0.315
0.798
0.119
0.404
0.836
0.104
0.941
0.863
0.029
0.526
0.167
0.291
