0.002
0.002
0.002
0.002
0.002
0.005
0.002
0.009
0.002
0.003
0.002
0.002
0.002
0.002
0.002
0.002
0.002
0.002
0.004
0.002
0.008
0.003
0.944
0.006
0.002
0.63
0.008
0.008
0.035
0.008
0.002
0.002
0.005
0.005
0.005
0.005
0.006
0.008
0.006
0.016
0.005
0.008
0.005
0.005
0.005
0.005
0.005
0.005
0.005
0.007
0.008
0.005
0.011
0.008
0.945
0.009
0.005
0.618
0.011
0.012
0.036
0.011
0.005
0.005
0.005
0.005
0.005
0.005
0.006
0.007
0.006
0.013
0.005
0.007
0.004
0.005
0.004
0.005
0.005
0.006
0.005
0.006
0.007
0.005
0.01
0.006
0.952
0.007
0.005
0.647
0.01
0.011
0.027
0.008
0.005
0.004
0.001
0.001
0.001
0.001
0.003
0.003
0.003
0.009
0.001
0.003
0.001
0.001
0.001
0.001
0.001
0.002
0.001
0.003
0.003
0.001
0.007
0.003
0.935
0.004
0.001
0.598
0.007
0.007
0.027
0.007
0.001
0.001
0.001
0.001
0.001
0.001
0.001
0.002
0.001
0.009
0.001
0.001
0.001
0.001
0.001
0.001
0.001
0.001
0.001
0.001
0.001
0.001
0.005
0.001
0.939
0.002
0.001
0.626
0.006
0.009
0.032
0.004
0.001
0.001
0.001
0.001
0.001
0.001
0.001
0.005
0.001
0.011
0.001
0.004
0.001
0.001
0.001
0.001
0.001
0.001
0.001
0.001
0.005
0.001
0.008
0.004
0.94
0.006
0.001
0.603
0.008
0.009
0.026
0.006
0.001
0.001
0.001
0.001
0.001
0.001
0.002
0.004
0.002
0.011
0.001
0.004
0.001
0.001
0.001
0.001
0.001
0.001
0.001
0.002
0.004
0.001
0.008
0.004
0.945
0.004
0.001
0.626
0.008
0.011
0.025
0.008
0.001
0.001
0.001
0.001
0.001
0.001
0.002
0.002
0.002
0.011
0.001
0.002
0.001
0.001
0.001
0.001
0.001
0.001
0.001
0.002
0.002
0.001
0.005
0.002
0.941
0.003
0.001
0.57
0.005
0.008
0.022
0.004
0.001
0.001
0.001
0.001
0.001
0.001
0.001
0.002
0.001
0.007
0.001
0.001
0.001
0.001
0.001
0.001
0.001
0.001
0.001
0.001
0.001
0.001
0.003
0.001
0.926
0.002
0.001
0.589
0.003
0.005
0.022
0.003
0.001
0.001
0.001
0.001
0.001
0.001
0.001
0.006
0.001
0.013
0.001
0.005
0.001
0.001
0.001
0.001
0.001
0.001
0.001
0.002
0.006
0.001
0.01
0.003
0.95
0.006
0.001
0.628
0.01
0.011
0.033
0.006
0.001
0.001
0.003
0.003
0.003
0.003
0.003
0.011
0.003
0.017
0.003
0.007
0.002
0.003
0.002
0.003
0.003
0.003
0.003
0.004
0.008
0.003
0.016
0.006
0.936
0.012
0.003
0.638
0.016
0.017
0.032
0.014
0.003
0.002
0.001
0.001
0.001
0.001
0.001
0.002
0.001
0.01
0.001
0.001
0.001
0.001
0.001
0.001
0.001
0.001
0.001
0.001
0.001
0.001
0.008
0.001
0.935
0.003
0.001
0.639
0.008
0.008
0.039
0.006
0.001
0.001
0.001
0.001
0.001
0.001
0.002
0.004
0.002
0.011
0.001
0.002
0.001
0.001
0.001
0.001
0.001
0.001
0.001
0.002
0.002
0.001
0.008
0.002
0.928
0.006
0.001
0.612
0.008
0.01
0.027
0.008
0.001
0.001
0.001
0.001
0.001
0.001
0.002
0.014
0.002
0.019
0.001
0.01
0.001
0.001
0.001
0.001
0.001
0.001
0.001
0.004
0.011
0.001
0.017
0.007
0.927
0.014
0.001
0.606
0.017
0.018
0.045
0.016
0.001
0.001
0.001
0.001
0.001
0.001
0.001
0.005
0.001
0.008
0.001
0.002
0.001
0.001
0.001
0.001
0.001
0.001
0.001
0.001
0.003
0.001
0.007
0.002
0.951
0.007
0.001
0.623
0.008
0.008
0.024
0.007
0.001
0.001
0.001
0.001
0.002
0.002
0.004
0.005
0.004
0.01
0.001
0.005
0.001
0.002
0.001
0.002
0.002
0.002
0.001
0.004
0.005
0.001
0.007
0.005
0.94
0.005
0.002
0.617
0.007
0.009
0.029
0.006
0.001
0.001
0.001
0.001
0.001
0.001
0.002
0.003
0.002
0.012
0.001
0.003
0.001
0.001
0.001
0.001
0.001
0.001
0.001
0.002
0.003
0.001
0.006
0.002
0.939
0.004
0.001
0.63
0.006
0.01
0.026
0.004
0.001
0.001
0.001
0.001
0.001
0.002
0.002
0.003
0.002
0.008
0.001
0.003
0.001
0.002
0.001
0.001
0.001
0.002
0.001
0.003
0.003
0.001
0.006
0.003
0.94
0.004
0.001
0.621
0.006
0.007
0.022
0.005
0.001
0.001
0.005
0.005
0.005
0.005
0.005
0.008
0.005
0.013
0.005
0.007
0.004
0.005
0.004
0.005
0.005
0.005
0.005
0.005
0.008
0.005
0.01
0.007
0.948
0.008
0.005
0.624
0.01
0.011
0.028
0.009
0.005
0.004
0.002
0.002
0.002
0.002
0.004
0.004
0.004
0.007
0.002
0.004
0.001
0.002
0.001
0.002
0.002
0.002
0.002
0.004
0.004
0.002
0.006
0.004
0.931
0.005
0.002
0.636
0.006
0.006
0.019
0.005
0.002
0.001
0.003
0.003
0.003
0.003
0.004
0.006
0.004
0.012
0.003
0.005
0.002
0.003
0.002
0.003
0.003
0.003
0.003
0.004
0.005
0.003
0.007
0.005
0.936
0.006
0.003
0.607
0.008
0.011
0.031
0.007
0.003
0.002
0.003
0.003
0.003
0.003
0.003
0.003
0.003
0.016
0.003
0.003
0.003
0.003
0.003
0.003
0.003
0.003
0.003
0.003
0.003
0.003
0.01
0.003
0.928
0.004
0.003
0.628
0.01
0.013
0.026
0.007
0.003
0.003
0.003
0.003
0.003
0.003
0.005
0.01
0.005
0.015
0.003
0.009
0.002
0.003
0.002
0.003
0.003
0.003
0.003
0.005
0.009
0.003
0.014
0.009
0.934
0.01
0.003
0.631
0.014
0.015
0.03
0.01
0.003
0.002
0.001
0.001
0.001
0.001
0.001
0.001
0.001
0.007
0.001
0.001
0.001
0.001
0.001
0.001
0.001
0.001
0.001
0.001
0.001
0.001
0.004
0.001
0.94
0.001
0.001
0.612
0.005
0.006
0.025
0.003
0.001
0.001
0.001
0.001
0.002
0.002
0.002
0.003
0.002
0.007
0.001
0.002
0.001
0.002
0.001
0.002
0.002
0.002
0.001
0.002
0.002
0.001
0.004
0.002
0.939
0.003
0.002
0.634
0.005
0.006
0.028
0.003
0.001
0.001
0.001
0.001
0.001
0.001
0.001
0.002
0.001
0.007
0.001
0.001
0.001
0.001
0.001
0.001
0.001
0.001
0.001
0.001
0.001
0.001
0.005
0.001
0.946
0.004
0.001
0.625
0.005
0.005
0.024
0.004
0.001
0.001
0.004
0.004
0.004
0.004
0.004
0.007
0.004
0.009
0.004
0.007
0.004
0.004
0.004
0.004
0.004
0.004
0.004
0.005
0.007
0.004
0.007
0.007
0.94
0.007
0.004
0.622
0.007
0.007
0.027
0.007
0.004
0.004
0.001
0.001
0.001
0.001
0.001
0.003
0.001
0.012
0.001
0.002
0.001
0.001
0.001
0.001
0.001
0.001
0.001
0.001
0.002
0.001
0.007
0.002
0.941
0.005
0.001
0.615
0.007
0.008
0.023
0.006
0.001
0.001
0.001
0.001
0.001
0.001
0.003
0.004
0.003
0.008
0.001
0.004
0.001
0.001
0.001
0.001
0.001
0.002
0.001
0.003
0.004
0.001
0.007
0.003
0.939
0.006
0.001
0.595
0.007
0.007
0.028
0.007
0.001
0.001
0.002
0.002
0.002
0.002
0.002
0.004
0.002
0.01
0.002
0.004
0.002
0.002
0.002
0.002
0.002
0.002
0.002
0.003
0.004
0.002
0.006
0.004
0.932
0.004
0.002
0.591
0.007
0.008
0.026
0.004
0.002
0.002
0.002
0.002
0.002
0.002
0.003
0.008
0.003
0.011
0.002
0.006
0.002
0.002
0.002
0.002
0.002
0.002
0.002
0.003
0.007
0.002
0.009
0.006
0.939
0.008
0.002
0.608
0.009
0.009
0.028
0.008
0.002
0.002
0.001
0.001
0.001
0.001
0.001
0.002
0.001
0.009
0.001
0.001
0.001
0.001
0.001
0.001
0.001
0.001
0.001
0.001
0.002
0.001
0.006
0.001
0.94
0.003
0.001
0.62
0.007
0.007
0.024
0.004
0.001
0.001
0.001
0.001
0.001
0.001
0.001
0.001
0.001
0.012
0.001
0.001
0.001
0.001
0.001
0.001
0.001
0.001
0.001
0.001
0.001
0.001
0.006
0.001
0.944
0.002
0.001
0.646
0.006
0.007
0.031
0.003
0.001
0.001
0.001
0.001
0.001
0.001
0.003
0.006
0.003
0.012
0.001
0.004
0.001
0.001
0.001
0.001
0.001
0.002
0.001
0.003
0.004
0.001
0.01
0.003
0.948
0.007
0.001
0.648
0.011
0.011
0.038
0.007
0.001
0.001
0.001
0.001
0.001
0.001
0.001
0.001
0.001
0.002
0.001
0.001
0.001
0.001
0.001
0.001
0.001
0.001
0.001
0.001
0.001
0.001
0.001
0.001
0.926
0.001
0.001
0.6
0.001
0.002
0.023
0.001
0.001
0.001
0.001
0.001
0.001
0.001
0.003
0.006
0.003
0.007
0.001
0.004
0.001
0.001
0.001
0.001
0.001
0.001
0.001
0.003
0.004
0.001
0.007
0.004
0.946
0.006
0.001
0.616
0.007
0.007
0.03
0.006
0.001
0.001
0.001
0.001
0.001
0.001
0.002
0.009
0.002
0.018
0.001
0.004
0.001
0.001
0.001
0.001
0.001
0.002
0.001
0.002
0.007
0.001
0.011
0.004
0.945
0.01
0.001
0.606
0.011
0.016
0.039
0.011
0.001
0.001
0.001
0.001
0.001
0.001
0.001
0.006
0.001
0.015
0.001
0.002
0.001
0.001
0.001
0.001
0.001
0.001
0.001
0.001
0.003
0.001
0.012
0.001
0.938
0.008
0.001
0.612
0.013
0.015
0.031
0.011
0.001
0.001
0.001
0.001
0.001
0.001
0.001
0.002
0.001
0.008
0.001
0.001
0.001
0.001
0.001
0.001
0.001
0.001
0.001
0.001
0.001
0.001
0.006
0.001
0.945
0.003
0.001
0.613
0.006
0.006
0.024
0.005
0.001
0.001
0.001
0.001
0.001
0.001
0.001
0.001
0.001
0.008
0.001
0.001
0.001
0.001
0.001
0.001
0.001
0.001
0.001
0.001
0.001
0.001
0.006
0.001
0.942
0.001
0.001
0.632
0.006
0.007
0.023
0.003
0.001
0.001
0.001
0.001
0.001
0.001
0.001
0.002
0.001
0.013
0.001
0.001
0.001
0.001
0.001
0.001
0.001
0.001
0.001
0.001
0.001
0.001
0.007
0.001
0.947
0.002
0.001
0.593
0.008
0.011
0.025
0.004
0.001
0.001
0.002
0.002
0.002
0.002
0.002
0.005
0.002
0.011
0.002
0.003
0.002
0.002
0.002
0.002
0.002
0.002
0.002
0.002
0.003
0.002
0.008
0.003
0.917
0.005
0.002
0.606
0.008
0.008
0.026
0.005
0.002
0.002
0.001
0.001
0.001
0.001
0.002
0.004
0.002
0.009
0.001
0.003
0.001
0.001
0.001
0.001
0.001
0.002
0.001
0.002
0.004
0.001
0.007
0.003
0.944
0.004
0.001
0.631
0.007
0.009
0.025
0.004
0.001
0.001
0.001
0.001
0.001
0.001
0.001
0.005
0.001
0.017
0.001
0.003
0.001
0.001
0.001
0.001
0.001
0.001
0.001
0.001
0.004
0.001
0.01
0.003
0.938
0.005
0.001
0.647
0.011
0.012
0.034
0.006
0.001
0.001
0.003
0.003
0.003
0.003
0.003
0.003
0.003
0.007
0.003
0.003
0.003
0.003
0.003
0.003
0.003
0.003
0.003
0.003
0.003
0.003
0.005
0.003
0.926
0.003
0.003
0.604
0.005
0.007
0.023
0.004
0.003
0.003
0.001
0.001
0.001
0.001
0.001
0.005
0.001
0.008
0.001
0.003
0.001
0.001
0.001
0.001
0.001
0.001
0.001
0.001
0.004
0.001
0.006
0.003
0.927
0.005
0.001
0.617
0.006
0.007
0.021
0.006
0.001
0.001
0.001
0.001
0.001
0.001
0.001
0.002
0.001
0.005
0.001
0.002
0.001
0.001
0.001
0.001
0.001
0.001
0.001
0.001
0.002
0.001
0.003
0.002
0.93
0.002
0.001
0.624
0.003
0.004
0.022
0.003
0.001
0.001
0.001
0.001
0.001
0.001
0.002
0.008
0.002
0.016
0.001
0.004
0.001
0.001
0.001
0.001
0.001
0.001
0.001
0.002
0.007
0.001
0.011
0.003
0.943
0.009
0.001
0.629
0.011
0.015
0.033
0.009
0.001
0.001
0.001
0.001
0.001
0.001
0.002
0.003
0.002
0.009
0.001
0.002
0.001
0.001
0.001
0.001
0.001
0.001
0.001
0.002
0.002
0.001
0.004
0.002
0.946
0.003
0.001
0.621
0.006
0.009
0.031
0.004
0.001
0.001
0.002
0.002
0.002
0.002
0.003
0.006
0.003
0.01
0.002
0.006
0.001
0.002
0.001
0.002
0.002
0.002
0.002
0.003
0.006
0.002
0.008
0.006
0.924
0.006
0.002
0.626
0.009
0.009
0.026
0.007
0.002
0.001
0.001
0.001
0.001
0.001
0.001
0.002
0.001
0.01
0.001
0.001
0.001
0.001
0.001
0.001
0.001
0.001
0.001
0.001
0.001
0.001
0.004
0.001
0.932
0.002
0.001
0.608
0.004
0.005
0.023
0.003
0.001
0.001
0.001
0.001
0.001
0.001
0.002
0.003
0.002
0.011
0.001
0.003
0.001
0.001
0.001
0.001
0.001
0.001
0.001
0.002
0.003
0.001
0.004
0.002
0.948
0.003
0.001
0.659
0.006
0.009
0.027
0.004
0.001
0.001
0.002
0.002
0.002
0.002
0.003
0.004
0.003
0.012
0.002
0.003
0.002
0.002
0.002
0.002
0.002
0.002
0.002
0.003
0.003
0.002
0.006
0.003
0.936
0.004
0.002
0.632
0.006
0.009
0.027
0.005
0.002
0.002
0.001
0.001
0.001
0.001
0.001
0.005
0.001
0.009
0.001
0.004
0.001
0.001
0.001
0.001
0.001
0.001
0.001
0.001
0.005
0.001
0.005
0.003
0.931
0.005
0.001
0.623
0.005
0.006
0.02
0.005
0.001
0.001
0.001
0.001
0.001
0.002
0.002
0.003
0.002
0.011
0.001
0.002
0.001
0.002
0.001
0.001
0.001
0.002
0.001
0.002
0.002
0.001
0.011
0.002
0.942
0.006
0.001
0.623
0.011
0.011
0.029
0.01
0.001
0.001
0.001
0.001
0.001
0.001
0.001
0.002
0.001
0.013
0.001
0.001
0.001
0.001
0.001
0.001
0.001
0.001
0.001
0.001
0.001
0.001
0.009
0.001
0.925
0.004
0.001
0.595
0.01
0.01
0.029
0.006
0.001
0.001
0.002
0.002
0.002
0.002
0.002
0.005
0.003
0.013
0.002
0.004
0.002
0.002
0.002
0.002
0.002
0.002
0.002
0.003
0.004
0.002
0.01
0.004
0.938
0.006
0.002
0.604
0.01
0.01
0.02
0.009
0.002
0.002
0.001
0.001
0.001
0.001
0.002
0.002
0.002
0.01
0.001
0.002
0.001
0.001
0.001
0.001
0.001
0.001
0.001
0.002
0.002
0.001
0.005
0.002
0.941
0.002
0.001
0.626
0.006
0.008
0.021
0.003
0.001
0.001
0.001
0.001
0.001
0.001
0.002
0.003
0.002
0.007
0.001
0.002
0.001
0.001
0.001
0.001
0.001
0.001
0.001
0.002
0.002
0.001
0.005
0.002
0.949
0.003
0.001
0.623
0.005
0.007
0.023
0.004
0.001
0.001
0.002
0.002
0.002
0.002
0.002
0.007
0.002
0.01
0.002
0.006
0.002
0.002
0.002
0.002
0.002
0.002
0.002
0.003
0.006
0.002
0.009
0.005
0.946
0.008
0.002
0.626
0.009
0.009
0.038
0.008
0.002
0.002
0.001
0.001
0.001
0.001
0.001
0.001
0.001
0.011
0.001
0.001
0.001
0.001
0.001
0.001
0.001
0.001
0.001
0.001
0.001
0.001
0.008
0.001
0.939
0.001
0.001
0.625
0.008
0.011
0.029
0.005
0.001
0.001
0.002
0.002
0.002
0.002
0.002
0.007
0.002
0.013
0.002
0.006
0.002
0.002
0.002
0.002
0.002
0.002
0.002
0.003
0.006
0.002
0.009
0.006
0.92
0.007
0.002
0.612
0.009
0.01
0.026
0.008
0.002
0.002
0.002
0.002
0.002
0.002
0.002
0.004
0.002
0.01
0.002
0.003
0.002
0.002
0.002
0.002
0.002
0.002
0.002
0.002
0.004
0.002
0.007
0.002
0.924
0.004
0.002
0.603
0.007
0.008
0.033
0.005
0.002
0.002
0.001
0.001
0.001
0.001
0.001
0.002
0.001
0.009
0.001
0.001
0.001
0.001
0.001
0.001
0.001
0.001
0.001
0.001
0.001
0.001
0.008
0.001
0.945
0.002
0.001
0.612
0.008
0.009
0.027
0.006
0.001
0.001
0.004
0.004
0.005
0.006
0.006
0.006
0.006
0.012
0.004
0.006
0.004
0.006
0.004
0.005
0.005
0.006
0.004
0.006
0.006
0.004
0.011
0.006
0.942
0.006
0.005
0.635
0.011
0.012
0.029
0.008
0.004
0.004
0.001
0.001
0.001
0.001
0.003
0.003
0.003
0.008
0.001
0.003
0.001
0.001
0.001
0.001
0.001
0.002
0.001
0.003
0.003
0.001
0.003
0.003
0.946
0.003
0.001
0.634
0.004
0.006
0.02
0.003
0.001
0.001
0.001
0.001
0.001
0.001
0.002
0.005
0.002
0.018
0.001
0.005
0.001
0.001
0.001
0.001
0.001
0.001
0.001
0.002
0.005
0.001
0.011
0.004
0.935
0.006
0.001
0.632
0.011
0.011
0.037
0.007
0.001
0.001
0.001
0.001
0.001
0.001
0.002
0.004
0.002
0.014
0.001
0.002
0.001
0.001
0.001
0.001
0.001
0.001
0.001
0.002
0.003
0.001
0.009
0.002
0.927
0.005
0.001
0.617
0.009
0.011
0.03
0.006
0.001
0.001
0.001
0.001
0.001
0.001
0.003
0.005
0.003
0.008
0.001
0.003
0.001
0.001
0.001
0.001
0.001
0.002
0.001
0.003
0.004
0.001
0.006
0.003
0.923
0.005
0.001
0.63
0.006
0.006
0.026
0.006
0.001
0.001
0.001
0.001
0.001
0.001
0.001
0.003
0.001
0.009
0.001
0.001
0.001
0.001
0.001
0.001
0.001
0.001
0.001
0.001
0.002
0.001
0.006
0.001
0.946
0.003
0.001
0.646
0.006
0.006
0.031
0.005
0.001
0.001
0.001
0.001
0.001
0.001
0.001
0.002
0.001
0.01
0.001
0.001
0.001
0.001
0.001
0.001
0.001
0.001
0.001
0.001
0.001
0.001
0.005
0.001
0.92
0.002
0.001
0.563
0.005
0.007
0.035
0.004
0.001
0.001
0.003
0.003
0.003
0.003
0.004
0.006
0.004
0.017
0.003
0.005
0.003
0.003
0.003
0.003
0.003
0.003
0.003
0.004
0.005
0.003
0.012
0.004
0.922
0.007
0.003
0.64
0.012
0.014
0.034
0.01
0.003
0.003
0.001
0.001
0.001
0.001
0.001
0.005
0.001
0.007
0.001
0.002
0.001
0.001
0.001
0.001
0.001
0.001
0.001
0.001
0.002
0.001
0.005
0.002
0.928
0.005
0.001
0.622
0.006
0.007
0.026
0.005
0.001
0.001
0.001
0.001
0.001
0.001
0.002
0.002
0.002
0.008
0.001
0.002
0.001
0.001
0.001
0.001
0.001
0.001
0.001
0.002
0.002
0.001
0.005
0.002
0.934
0.003
0.001
0.611
0.005
0.006
0.028
0.003
0.001
0.001
0.001
0.001
0.001
0.001
0.001
0.003
0.001
0.012
0.001
0.001
0.001
0.001
0.001
0.001
0.001
0.001
0.001
0.001
0.001
0.001
0.007
0.001
0.947
0.003
0.001
0.641
0.007
0.011
0.023
0.005
0.001
0.001
0.001
0.001
0.001
0.001
0.001
0.002
0.001
0.009
0.001
0.001
0.001
0.001
0.001
0.001
0.001
0.001
0.001
0.001
0.001
0.001
0.005
0.001
0.939
0.003
0.001
0.63
0.005
0.007
0.024
0.005
0.001
0.001
0.003
0.003
0.003
0.003
0.004
0.007
0.004
0.013
0.003
0.005
0.002
0.003
0.002
0.003
0.003
0.003
0.003
0.004
0.007
0.003
0.008
0.004
0.938
0.008
0.003
0.608
0.009
0.012
0.033
0.008
0.003
0.002
0.002
0.002
0.003
0.003
0.003
0.008
0.003
0.014
0.002
0.007
0.002
0.003
0.002
0.003
0.003
0.003
0.002
0.005
0.007
0.002
0.011
0.005
0.945
0.009
0.003
0.641
0.011
0.014
0.037
0.011
0.002
0.002
0.001
0.001
0.001
0.001
0.002
0.004
0.002
0.01
0.001
0.003
0.001
0.001
0.001
0.001
0.001
0.001
0.001
0.003
0.004
0.001
0.007
0.003
0.957
0.004
0.001
0.634
0.007
0.009
0.023
0.005
0.001
0.001
0.001
0.001
0.001
0.001
0.001
0.004
0.001
0.009
0.001
0.001
0.001
0.001
0.001
0.001
0.001
0.001
0.001
0.001
0.002
0.001
0.006
0.001
0.933
0.005
0.001
0.627
0.006
0.008
0.022
0.005
0.001
0.001
0.003
0.003
0.003
0.003
0.003
0.007
0.004
0.017
0.003
0.005
0.003
0.003
0.003
0.003
0.003
0.003
0.003
0.004
0.005
0.003
0.014
0.004
0.936
0.008
0.003
0.634
0.014
0.015
0.04
0.01
0.003
0.003
0.001
0.001
0.001
0.001
0.001
0.004
0.001
0.01
0.001
0.002
0.001
0.001
0.001
0.001
0.001
0.001
0.001
0.001
0.003
0.001
0.007
0.002
0.937
0.004
0.001
0.599
0.009
0.01
0.022
0.004
0.001
0.001
0.002
0.002
0.002
0.003
0.003
0.003
0.003
0.012
0.002
0.003
0.002
0.003
0.002
0.002
0.003
0.003
0.002
0.003
0.003
0.002
0.008
0.003
0.958
0.004
0.002
0.628
0.008
0.01
0.027
0.006
0.002
0.002
0.001
0.001
0.001
0.001
0.001
0.003
0.001
0.007
0.001
0.001
0.001
0.001
0.001
0.001
0.001
0.001
0.001
0.001
0.002
0.001
0.003
0.001
0.939
0.003
0.001
0.622
0.003
0.006
0.027
0.003
0.001
0.001
0.002
0.002
0.002
0.002
0.003
0.003
0.003
0.007
0.002
0.003
0.002
0.002
0.002
0.002
0.002
0.002
0.002
0.003
0.003
0.002
0.004
0.003
0.935
0.003
0.002
0.625
0.004
0.007
0.025
0.003
0.002
0.002
0.002
0.002
0.002
0.002
0.002
0.003
0.002
0.01
0.002
0.003
0.002
0.002
0.002
0.002
0.002
0.002
0.002
0.003
0.003
0.002
0.008
0.003
0.943
0.003
0.002
0.631
0.008
0.01
0.03
0.003
0.002
0.002
0.002
0.002
0.002
0.002
0.002
0.005
0.002
0.012
0.002
0.004
0.002
0.002
0.002
0.002
0.002
0.002
0.002
0.002
0.005
0.002
0.008
0.002
0.942
0.005
0.002
0.616
0.008
0.01
0.03
0.005
0.002
0.002
0.001
0.001
0.001
0.001
0.001
0.002
0.001
0.007
0.001
0.001
0.001
0.001
0.001
0.001
0.001
0.001
0.001
0.001
0.001
0.001
0.003
0.001
0.935
0.002
0.001
0.609
0.003
0.006
0.028
0.002
0.001
0.001
0.001
0.001
0.001
0.001
0.002
0.003
0.002
0.01
0.001
0.002
0.001
0.001
0.001
0.001
0.001
0.001
0.001
0.002
0.003
0.001
0.008
0.002
0.942
0.004
0.001
0.623
0.008
0.009
0.025
0.004
0.001
0.001
0.003
0.003
0.003
0.004
0.005
0.01
0.006
0.014
0.003
0.008
0.003
0.004
0.003
0.003
0.003
0.004
0.003
0.006
0.008
0.003
0.012
0.007
0.933
0.01
0.003
0.619
0.012
0.013
0.031
0.012
0.003
0.003
0.001
0.001
0.001
0.002
0.002
0.003
0.002
0.01
0.001
0.002
0.001
0.002
0.001
0.001
0.002
0.002
0.001
0.002
0.002
0.001
0.006
0.002
0.925
0.004
0.002
0.621
0.007
0.008
0.029
0.004
0.001
0.001
0.003
0.003
0.003
0.003
0.004
0.005
0.004
0.008
0.003
0.005
0.003
0.003
0.003
0.003
0.003
0.003
0.003
0.005
0.005
0.003
0.006
0.005
0.929
0.006
0.003
0.634
0.006
0.008
0.03
0.006
0.003
0.003
0.002
0.002
0.002
0.002
0.004
0.005
0.004
0.011
0.002
0.004
0.002
0.002
0.002
0.002
0.002
0.002
0.002
0.004
0.004
0.002
0.008
0.004
0.927
0.006
0.002
0.615
0.009
0.01
0.034
0.007
0.002
0.002
0.002
0.002
0.002
0.002
0.003
0.007
0.003
0.011
0.002
0.005
0.002
0.002
0.002
0.002
0.002
0.002
0.002
0.004
0.007
0.002
0.011
0.005
0.936
0.008
0.002
0.624
0.011
0.011
0.031
0.011
0.002
0.002
0.002
0.002
0.002
0.002
0.002
0.004
0.002
0.015
0.002
0.003
0.002
0.002
0.002
0.002
0.002
0.002
0.002
0.002
0.004
0.002
0.008
0.003
0.928
0.004
0.002
0.618
0.008
0.013
0.025
0.005
0.002
0.002
0.001
0.001
0.001
0.001
0.002
0.01
0.002
0.018
0.001
0.003
0.001
0.001
0.001
0.001
0.001
0.001
0.001
0.002
0.003
0.001
0.015
0.003
0.944
0.01
0.001
0.655
0.015
0.015
0.037
0.015
0.001
0.001
0.001
0.001
0.001
0.001
0.001
0.005
0.001
0.014
0.001
0.001
0.001
0.001
0.001
0.001
0.001
0.001
0.001
0.001
0.003
0.001
0.009
0.001
0.944
0.005
0.001
0.643
0.009
0.011
0.039
0.007
0.001
0.001
0.001
0.001
0.001
0.001
0.001
0.005
0.001
0.014
0.001
0.001
0.001
0.001
0.001
0.001
0.001
0.001
0.001
0.001
0.003
0.001
0.011
0.001
0.942
0.006
0.001
0.652
0.012
0.014
0.038
0.008
0.001
0.001
0.002
0.002
0.002
0.002
0.002
0.005
0.002
0.014
0.002
0.003
0.002
0.002
0.002
0.002
0.002
0.002
0.002
0.002
0.003
0.002
0.01
0.003
0.92
0.005
0.002
0.609
0.01
0.011
0.034
0.006
0.002
0.002
0.002
0.002
0.002
0.002
0.003
0.006
0.003
0.01
0.002
0.005
0.002
0.002
0.002
0.002
0.002
0.002
0.002
0.003
0.005
0.002
0.008
0.005
0.933
0.006
0.002
0.599
0.008
0.009
0.03
0.008
0.002
0.002
