0.001
0.001
0.303
0.001
0.001
0.001
0.001
0.001
0.001
0.001
0.001
0.001
0.001
0.001
0.918
0.001
0.001
0.001
0.001
0.001
0.001
0.001
0.001
0.001
0.012
0.001
0.001
0.001
0.001
0.001
0.001
0.001
0.001
0.001
0.001
0.001
0.518
0.001
0.001
0.001
0.001
0.027
0.006
0.001
0.647
0.001
0.001
0.007
0.001
0.001
0.005
0.001
0.001
0.006
0.008
0.001
0.001
0.001
0.39
0.001
0.001
0.001
0.001
0.003
0.001
0.012
0.001
0.003
0.001
0.001
0.001
0.001
0.001
0.001
0.006
0.001
0.001
0.001
0.189
0.001
0.001
0.001
0.001
0.023
0.001
0.001
0.001
0.001
0.001
0.001
0.012
0.008
0.012
0.001
0.001
0.001
0.001
0.001
0.001
0.001
0.001
0.001
0.001
0.001
0.001
0.001
0.001
0.001
0.001
0.001
0.001
0.001
0.003
0.001
0.001
0.001
0.001
0.001
0.001
0.001
0.001
0.001
0.027
0.001
0.001
0.001
0.001
0.001
0.001
0.001
0.001
0.099
0.001
0.001
0.001
0.006
0.014
0.001
0.001
0.956
0.001
0.001
0.001
0.001
0.003
0.001
0.001
0.001
0.001
0.001
0.292
0.001
0.001
0.001
0.001
0.001
0.001
0.001
0.001
0.001
0.001
0.001
0.925
0.001
0.001
0.001
0.001
0.001
0.001
0.001
0.001
0.001
0.006
0.001
0.001
0.001
0.001
0.001
0.001
0.001
0.001
0.001
0.001
0.001
0.52
0.001
0.001
0.001
0.001
0.018
0.003
0.001
0.64
0.001
0.001
0.004
0.001
0.001
0.003
0.001
0.001
0.003
0.005
0.001
0.001
0.001
0.386
0.001
0.001
0.001
0.001
0.002
0.001
0.008
0.001
0.002
0.001
0.001
0.001
0.001
0.001
0.001
0.003
0.001
0.001
0.001
0.172
0.001
0.001
0.001
0.001
0.014
0.001
0.001
0.001
0.001
0.001
0.001
0.006
0.005
0.007
0.001
0.001
0.001
0.001
0.001
0.001
0.001
0.001
0.001
0.001
0.001
0.001
0.001
0.001
0.001
0.001
0.001
0.001
0.001
0.002
0.001
0.001
0.001
0.001
0.001
0.001
0.001
0.001
0.001
0.018
0.001
0.001
0.001
0.001
0.001
0.001
0.001
0.001
0.1
0.001
0.001
0.001
0.003
0.009
0.001
0.001
0.965
0.001
0.001
0.001
0.001
0.002
0.001
0.001
0.001
0.001
0.001
0.304
0.001
0.001
0.001
0.001
0.001
0.001
0.001
0.001
0.001
0.001
0.001
0.931
0.001
0.001
0.001
0.001
0.001
0.001
0.001
0.001
0.001
0.008
0.001
0.001
0.001
0.001
0.001
0.001
0.001
0.001
0.001
0.001
0.001
0.535
0.001
0.001
0.001
0.001
0.026
0.004
0.001
0.653
0.001
0.001
0.004
0.001
0.001
0.003
0.001
0.001
0.004
0.004
0.001
0.001
0.001
0.401
0.001
0.001
0.001
0.001
0.001
0.001
0.01
0.001
0.001
0.001
0.001
0.001
0.001
0.001
0.001
0.004
0.001
0.001
0.001
0.178
0.001
0.001
0.001
0.001
0.022
0.001
0.001
0.001
0.001
0.001
0.001
0.008
0.004
0.01
0.001
0.001
0.001
0.001
0.001
0.001
0.001
0.001
0.001
0.001
0.001
0.001
0.001
0.001
0.001
0.001
0.001
0.001
0.001
0.001
0.001
0.001
0.001
0.001
0.001
0.001
0.001
0.001
0.001
0.026
0.001
0.001
0.001
0.001
0.001
0.001
0.001
0.001
0.085
0.001
0.001
0.001
0.004
0.011
0.001
0.001
0.97
0.001
0.001
0.001
0.001
0.001
0.001
0.001
0.001
0.001
0.001
0.267
0.001
0.001
0.001
0.001
0.001
0.001
0.001
0.001
0.001
0.001
0.001
0.932
0.001
0.001
0.001
0.001
0.001
0.001
0.001
0.001
0.001
0.008
0.001
0.001
0.001
0.001
0.001
0.001
0.001
0.001
0.001
0.001
0.001
0.509
0.001
0.001
0.001
0.001
0.031
0.004
0.001
0.633
0.001
0.001
0.006
0.001
0.001
0.002
0.001
0.001
0.002
0.006
0.001
0.001
0.001
0.361
0.001
0.001
0.001
0.001
0.002
0.001
0.013
0.001
0.002
0.001
0.001
0.001
0.001
0.001
0.001
0.002
0.001
0.001
0.001
0.16
0.001
0.001
0.001
0.001
0.028
0.001
0.001
0.001
0.001
0.001
0.001
0.008
0.006
0.013
0.001
0.001
0.001
0.001
0.001
0.001
0.001
0.001
0.001
0.001
0.001
0.001
0.001
0.001
0.001
0.001
0.001
0.001
0.001
0.002
0.001
0.001
0.001
0.001
0.001
0.001
0.001
0.001
0.001
0.031
0.001
0.001
0.001
0.001
0.001
0.001
0.001
0.001
0.1
0.001
0.001
0.001
0.006
0.014
0.001
0.001
0.971
0.001
0.001
0.001
0.001
0.002
0.001
0.001
0.001
0.001
0.001
0.321
0.001
0.001
0.001
0.001
0.001
0.001
0.001
0.001
0.001
0.001
0.001
0.931
0.001
0.001
0.001
0.001
0.001
0.001
0.001
0.001
0.001
0.007
0.001
0.001
0.001
0.001
0.001
0.001
0.001
0.001
0.001
0.001
0.001
0.557
0.001
0.001
0.001
0.001
0.023
0.005
0.001
0.688
0.001
0.001
0.005
0.001
0.001
0.003
0.001
0.001
0.004
0.006
0.001
0.001
0.001
0.43
0.001
0.001
0.001
0.001
0.003
0.001
0.008
0.001
0.003
0.001
0.001
0.001
0.001
0.001
0.001
0.004
0.002
0.001
0.001
0.189
0.001
0.001
0.001
0.001
0.017
0.001
0.001
0.001
0.001
0.001
0.001
0.008
0.006
0.008
0.001
0.001
0.001
0.001
0.001
0.001
0.001
0.001
0.001
0.001
0.001
0.001
0.001
0.001
0.001
0.001
0.001
0.001
0.001
0.003
0.001
0.001
0.001
0.001
0.001
0.001
0.001
0.001
0.001
0.023
0.001
0.001
0.001
0.001
0.001
0.001
0.001
0.001
0.095
0.001
0.001
0.001
0.005
0.009
0.001
0.001
0.964
0.001
0.001
0.001
0.001
0.003
0.001
0.001
0.001
0.001
0.001
0.287
0.001
0.001
0.001
0.001
0.001
0.001
0.001
0.001
0.001
0.001
0.001
0.923
0.001
0.001
0.001
0.001
0.001
0.001
0.001
0.001
0.001
0.006
0.001
0.001
0.001
0.001
0.001
0.001
0.001
0.001
0.001
0.001
0.001
0.526
0.001
0.001
0.001
0.001
0.021
0.003
0.001
0.653
0.001
0.001
0.004
0.001
0.001
0.001
0.001
0.001
0.003
0.005
0.001
0.001
0.001
0.378
0.001
0.001
0.001
0.001
0.001
0.001
0.006
0.001
0.001
0.001
0.001
0.001
0.001
0.001
0.001
0.003
0.001
0.001
0.001
0.166
0.001
0.001
0.001
0.001
0.019
0.001
0.001
0.001
0.001
0.001
0.001
0.006
0.005
0.006
0.001
0.001
0.001
0.001
0.001
0.001
0.001
0.001
0.001
0.001
0.001
0.001
0.001
0.001
0.001
0.001
0.001
0.001
0.001
0.001
0.001
0.001
0.001
0.001
0.001
0.001
0.001
0.001
0.001
0.021
0.001
0.001
0.001
0.001
0.001
0.001
0.001
0.001
0.086
0.001
0.001
0.001
0.004
0.007
0.001
0.001
0.962
0.001
0.001
0.001
0.001
0.001
0.001
0.001
0.001
0.001
0.001
0.307
0.001
0.001
0.001
0.001
0.001
0.001
0.001
0.001
0.001
0.001
0.001
0.916
0.001
0.001
0.001
0.001
0.001
0.001
0.001
0.001
0.001
0.008
0.001
0.001
0.001
0.001
0.001
0.001
0.001
0.001
0.001
0.001
0.001
0.535
0.001
0.001
0.001
0.001
0.026
0.003
0.001
0.655
0.001
0.001
0.005
0.001
0.001
0.002
0.001
0.001
0.002
0.005
0.001
0.001
0.001
0.414
0.001
0.001
0.001
0.001
0.002
0.001
0.009
0.001
0.002
0.001
0.001
0.001
0.001
0.001
0.001
0.002
0.001
0.001
0.001
0.2
0.001
0.001
0.001
0.001
0.025
0.001
0.001
0.001
0.001
0.001
0.001
0.008
0.005
0.008
0.001
0.001
0.001
0.001
0.001
0.001
0.001
0.001
0.001
0.001
0.001
0.001
0.001
0.001
0.001
0.001
0.001
0.001
0.001
0.002
0.001
0.001
0.001
0.001
0.001
0.001
0.001
0.001
0.001
0.026
0.001
0.001
0.001
0.001
0.001
0.001
0.001
0.001
0.099
0.001
0.001
0.001
0.005
0.009
0.001
0.001
0.963
0.001
0.001
0.001
0.001
0.002
0.001
0.001
0.001
0.001
0.001
0.284
0.001
0.001
0.001
0.001
0.001
0.001
0.001
0.001
0.001
0.001
0.001
0.911
0.001
0.001
0.001
0.001
0.001
0.001
0.001
0.001
0.001
0.006
0.001
0.001
0.001
0.001
0.001
0.001
0.001
0.001
0.001
0.001
0.001
0.512
0.001
0.001
0.001
0.001
0.033
0.003
0.001
0.629
0.001
0.001
0.006
0.001
0.001
0.002
0.001
0.002
0.003
0.006
0.001
0.001
0.001
0.389
0.001
0.001
0.001
0.001
0.002
0.001
0.009
0.001
0.002
0.001
0.001
0.001
0.001
0.001
0.001
0.003
0.002
0.001
0.001
0.182
0.001
0.001
0.001
0.001
0.027
0.001
0.001
0.001
0.001
0.001
0.001
0.006
0.006
0.009
0.001
0.001
0.001
0.001
0.001
0.001
0.001
0.001
0.001
0.001
0.001
0.001
0.001
0.001
0.001
0.001
0.001
0.001
0.001
0.002
0.001
0.001
0.001
0.001
0.001
0.001
0.001
0.001
0.001
0.033
0.001
0.001
0.001
0.001
0.001
0.001
0.001
0.001
0.115
0.001
0.001
0.001
0.006
0.01
0.001
0.001
0.961
0.001
0.001
0.001
0.001
0.002
0.001
0.001
0.001
0.001
0.001
0.287
0.001
0.001
0.001
0.001
0.001
0.001
0.001
0.002
0.001
0.001
0.001
0.928
0.001
0.001
0.001
0.001
0.001
0.001
0.001
0.001
0.001
0.005
0.001
0.001
0.001
0.001
0.001
0.001
0.001
0.001
0.002
0.001
0.002
0.545
0.001
0.001
0.001
0.001
0.019
0.003
0.001
0.662
0.001
0.001
0.003
0.001
0.001
0.003
0.001
0.002
0.003
0.003
0.001
0.001
0.001
0.406
0.001
0.001
0.001
0.001
0.003
0.001
0.007
0.001
0.003
0.001
0.001
0.001
0.001
0.002
0.001
0.003
0.003
0.001
0.001
0.178
0.001
0.001
0.001
0.001
0.017
0.001
0.001
0.001
0.001
0.001
0.001
0.005
0.004
0.007
0.001
0.001
0.001
0.001
0.001
0.001
0.001
0.001
0.001
0.001
0.001
0.001
0.001
0.001
0.001
0.002
0.001
0.001
0.001
0.003
0.001
0.001
0.001
0.001
0.001
0.001
0.001
0.001
0.001
0.019
0.001
0.001
0.001
0.001
0.001
0.001
0.001
0.001
0.095
0.001
0.001
0.001
0.003
0.007
0.001
0.001
0.965
0.001
0.001
0.001
0.001
0.003
0.001
0.001
0.001
0.001
0.001
0.314
0.001
0.001
0.001
0.001
0.001
0.001
0.001
0.002
0.001
0.001
0.001
0.92
0.001
0.001
0.001
0.001
0.001
0.001
0.001
0.001
0.001
0.009
0.001
0.001
0.001
0.001
0.001
0.001
0.001
0.001
0.002
0.001
0.002
0.532
0.001
0.001
0.001
0.001
0.024
0.003
0.001
0.672
0.001
0.001
0.006
0.001
0.001
0.003
0.001
0.002
0.003
0.007
0.001
0.001
0.001
0.411
0.001
0.001
0.001
0.001
0.003
0.001
0.013
0.001
0.002
0.001
0.001
0.001
0.001
0.002
0.001
0.003
0.002
0.001
0.001
0.193
0.001
0.001
0.001
0.001
0.022
0.001
0.001
0.001
0.001
0.001
0.001
0.01
0.007
0.013
0.001
0.001
0.001
0.001
0.001
0.001
0.001
0.001
0.001
0.001
0.001
0.001
0.001
0.001
0.001
0.002
0.001
0.001
0.001
0.002
0.001
0.001
0.001
0.001
0.001
0.001
0.001
0.001
0.001
0.024
0.001
0.001
0.001
0.001
0.001
0.001
0.001
0.001
0.106
0.001
0.001
0.001
0.006
0.013
0.001
0.001
0.951
0.001
0.001
0.001
0.001
0.002
0.001
0.001
0.001
0.001
0.001
0.279
0.001
0.001
0.001
0.001
0.001
0.001
0.001
0.001
0.001
0.001
0.001
0.921
0.001
0.001
0.001
0.001
0.001
0.001
0.001
0.001
0.001
0.007
0.001
0.001
0.001
0.001
0.001
0.001
0.001
0.001
0.001
0.001
0.001
0.519
0.001
0.001
0.001
0.001
0.028
0.003
0.001
0.633
0.001
0.001
0.005
0.001
0.001
0.002
0.001
0.001
0.003
0.005
0.001
0.001
0.001
0.39
0.001
0.001
0.001
0.001
0.001
0.001
0.012
0.001
0.001
0.001
0.001
0.001
0.001
0.001
0.001
0.003
0.001
0.001
0.001
0.181
0.001
0.001
0.001
0.001
0.024
0.001
0.001
0.001
0.001
0.001
0.001
0.007
0.005
0.01
0.001
0.001
0.001
0.001
0.001
0.001
0.001
0.001
0.001
0.001
0.001
0.001
0.001
0.001
0.001
0.001
0.001
0.001
0.001
0.001
0.001
0.001
0.001
0.001
0.001
0.001
0.001
0.001
0.001
0.028
0.001
0.001
0.001
0.001
0.001
0.001
0.001
0.001
0.105
0.001
0.001
0.001
0.004
0.013
0.001
0.001
0.961
0.001
0.001
0.001
0.001
0.001
0.001
0.001
0.001
0.001
0.001
0.317
0.001
0.001
0.001
0.001
0.001
0.001
0.001
0.001
0.001
0.001
0.001
0.924
0.001
0.001
0.001
0.001
0.001
0.001
0.001
0.001
0.001
0.007
0.001
0.001
0.001
0.001
0.001
0.001
0.001
0.001
0.001
0.001
0.001
0.528
0.001
0.001
0.001
0.001
0.027
0.004
0.001
0.65
0.001
0.001
0.005
0.001
0.001
0.002
0.001
0.001
0.004
0.005
0.001
0.001
0.001
0.42
0.001
0.001
0.001
0.001
0.002
0.001
0.008
0.001
0.002
0.001
0.001
0.001
0.001
0.001
0.001
0.004
0.001
0.001
0.001
0.192
0.001
0.001
0.001
0.001
0.025
0.001
0.001
0.001
0.001
0.001
0.001
0.007
0.006
0.008
0.001
0.001
0.001
0.001
0.001
0.001
0.001
0.001
0.001
0.001
0.001
0.001
0.001
0.001
0.001
0.001
0.001
0.001
0.001
0.002
0.001
0.001
0.001
0.001
0.001
0.001
0.001
0.001
0.001
0.027
0.001
0.001
0.001
0.001
0.001
0.001
0.001
0.001
0.101
0.001
0.001
0.001
0.004
0.01
0.001
0.001
0.96
0.001
0.001
0.001
0.001
0.002
0.001
0.001
0.001
0.001
0.001
0.299
0.001
0.001
0.001
0.001
0.001
0.001
0.001
0.001
0.001
0.001
0.001
0.929
0.001
0.001
0.001
0.001
0.001
0.001
0.001
0.001
0.001
0.008
0.001
0.001
0.001
0.001
0.001
0.001
0.001
0.001
0.001
0.001
0.001
0.516
0.001
0.001
0.001
0.001
0.025
0.005
0.001
0.663
0.001
0.001
0.006
0.001
0.001
0.005
0.001
0.001
0.005
0.006
0.001
0.001
0.001
0.404
0.001
0.001
0.001
0.001
0.003
0.001
0.011
0.001
0.003
0.001
0.001
0.001
0.001
0.001
0.001
0.005
0.003
0.001
0.001
0.189
0.001
0.001
0.001
0.001
0.021
0.001
0.001
0.001
0.001
0.001
0.001
0.008
0.006
0.01
0.001
0.001
0.001
0.001
0.001
0.001
0.001
0.001
0.001
0.001
0.001
0.001
0.001
0.001
0.001
0.001
0.001
0.001
0.001
0.003
0.001
0.001
0.001
0.001
0.001
0.001
0.001
0.001
0.001
0.025
0.001
0.001
0.001
0.001
0.001
0.001
0.001
0.001
0.107
0.001
0.001
0.001
0.006
0.013
0.001
0.001
0.963
0.001
0.001
0.001
0.001
0.003
0.001
0.001
0.001
0.001
0.001
0.278
0.001
0.001
0.001
0.001
0.001
0.001
0.001
0.001
0.001
0.001
0.001
0.915
0.001
0.001
0.001
0.001
0.001
0.001
0.001
0.001
0.001
0.006
0.001
0.001
0.001
0.001
0.001
0.001
0.001
0.001
0.001
0.001
0.002
0.516
0.001
0.001
0.001
0.001
0.024
0.005
0.001
0.628
0.001
0.001
0.005
0.001
0.001
0.005
0.001
0.003
0.005
0.005
0.001
0.001
0.001
0.372
0.001
0.001
0.001
0.001
0.005
0.001
0.007
0.001
0.005
0.001
0.001
0.001
0.001
0.001
0.001
0.005
0.005
0.001
0.001
0.169
0.001
0.001
0.001
0.001
0.019
0.001
0.001
0.001
0.001
0.001
0.001
0.006
0.005
0.007
0.001
0.001
0.001
0.001
0.001
0.001
0.001
0.001
0.001
0.001
0.001
0.001
0.001
0.001
0.001
0.003
0.001
0.001
0.001
0.005
0.001
0.001
0.001
0.001
0.001
0.001
0.001
0.001
0.001
0.024
0.001
0.001
0.001
0.001
0.001
0.001
0.001
0.001
0.101
0.001
0.001
0.001
0.005
0.008
0.001
0.001
0.958
0.001
0.001
0.001
0.001
0.005
0.001
0.001
0.001
0.001
0.001
0.292
0.001
0.001
0.001
0.001
0.001
0.001
0.001
0.002
0.001
0.001
0.001
0.915
0.001
0.001
0.001
0.001
0.001
0.001
0.001
0.001
0.001
0.007
0.001
0.001
0.001
0.001
0.001
0.001
0.001
0.001
0.002
0.001
0.002
0.52
0.001
0.001
0.001
0.001
0.024
0.004
0.001
0.63
0.001
0.001
0.005
0.001
0.001
0.004
0.001
0.002
0.004
0.006
0.001
0.001
0.001
0.4
0.001
0.001
0.001
0.001
0.004
0.001
0.01
0.001
0.004
0.001
0.001
0.001
0.001
0.002
0.001
0.004
0.002
0.001
0.001
0.178
0.001
0.001
0.001
0.001
0.019
0.001
0.001
0.001
0.001
0.001
0.001
0.007
0.006
0.01
0.001
0.001
0.001
0.001
0.001
0.001
0.001
0.001
0.001
0.001
0.001
0.001
0.001
0.001
0.001
0.002
0.001
0.001
0.001
0.004
0.001
0.001
0.001
0.001
0.001
0.001
0.001
0.001
0.001
0.024
0.001
0.001
0.001
0.001
0.001
0.001
0.001
0.001
0.098
0.001
0.001
0.001
0.005
0.01
0.001
0.001
0.961
0.001
0.001
0.001
0.001
0.004
0.001
0.001
0.001
0.001
0.001
0.305
0.001
0.001
0.001
0.001
0.001
0.001
0.001
0.001
0.001
0.001
0.001
0.928
0.001
0.001
0.001
0.001
0.001
0.001
0.001
0.001
0.001
0.005
0.001
0.001
0.001
0.001
0.001
0.001
0.001
0.001
0.001
0.001
0.001
0.55
0.001
0.001
0.001
0.001
0.023
0.002
0.001
0.671
0.001
0.001
0.002
0.001
0.001
0.001
0.001
0.001
0.001
0.004
0.001
0.001
0.001
0.428
0.001
0.001
0.001
0.001
0.001
0.001
0.007
0.001
0.001
0.001
0.001
0.001
0.001
0.001
0.001
0.001
0.001
0.001
0.001
0.188
0.001
0.001
0.001
0.001
0.019
0.001
0.001
0.001
0.001
0.001
0.001
0.005
0.004
0.007
0.001
0.001
0.001
0.001
0.001
0.001
0.001
0.001
0.001
0.001
0.001
0.001
0.001
0.001
0.001
0.001
0.001
0.001
0.001
0.001
0.001
0.001
0.001
0.001
0.001
0.001
0.001
0.001
0.001
0.023
0.001
0.001
0.001
0.001
0.001
0.001
0.001
0.001
0.101
0.001
0.001
0.001
0.002
0.008
0.001
0.001
0.962
0.001
0.001
0.001
0.001
0.001
0.001
0.001
0.001
0.001
0.001
0.283
0.001
0.001
0.001
0.001
0.001
0.001
0.001
0.001
0.001
0.001
0.001
0.922
0.001
0.001
0.001
0.001
0.001
0.001
0.001
0.001
0.001
0.007
0.001
0.001
0.001
0.001
0.001
0.001
0.001
0.001
0.001
0.001
0.001
0.526
0.001
0.001
0.001
0.001
0.021
0.003
0.001
0.646
0.001
0.001
0.004
0.001
0.001
0.003
0.001
0.001
0.003
0.004
0.001
0.001
0.001
0.393
0.001
0.001
0.001
0.001
0.003
0.001
0.01
0.001
0.003
0.001
0.001
0.001
0.001
0.001
0.001
0.003
0.001
0.001
0.001
0.166
0.001
0.001
0.001
0.001
0.019
0.001
0.001
0.001
0.001
0.001
0.001
0.008
0.006
0.01
0.001
0.001
0.001
0.001
0.001
0.001
0.001
0.001
0.001
0.001
0.001
0.001
0.001
0.001
0.001
0.001
0.001
0.001
0.001
0.003
0.001
0.001
0.001
0.001
0.001
0.001
0.001
0.001
0.001
0.021
0.001
0.001
0.001
0.001
0.001
0.001
0.001
0.001
0.087
0.001
0.001
0.001
0.003
0.01
0.001
0.001
0.972
0.001
0.001
0.001
0.001
0.003
0.001
0.001
0.001
0.001
0.001
0.3
0.001
0.001
0.001
0.001
0.001
0.001
0.001
0.001
0.001
0.001
0.001
0.941
0.001
0.001
0.001
0.001
0.001
0.001
0.001
0.001
0.001
0.01
0.001
0.001
0.001
0.001
0.001
0.001
0.001
0.001
0.001
0.001
0.002
0.543
0.001
0.001
0.001
0.001
0.026
0.007
0.001
0.662
0.001
0.001
0.008
0.001
0.001
0.005
0.001
0.002
0.007
0.009
0.001
0.001
0.001
0.416
0.001
0.001
0.001
0.001
0.004
0.001
0.014
0.001
0.004
0.001
0.001
0.001
0.001
0.001
0.001
0.007
0.002
0.001
0.001
0.18
0.001
0.001
0.001
0.001
0.022
0.001
0.001
0.001
0.001
0.001
0.001
0.01
0.009
0.014
0.001
0.001
0.001
0.001
0.001
0.001
0.001
0.001
0.001
0.001
0.001
0.001
0.001
0.001
0.001
0.002
0.001
0.001
0.001
0.004
0.001
0.001
0.001
0.001
0.001
0.001
0.001
0.001
0.001
0.026
0.001
0.001
0.001
0.001
0.001
0.001
0.001
0.001
0.098
0.001
0.001
0.001
0.007
0.016
0.001
0.001
0.977
0.001
0.001
0.001
0.001
0.004
0.001
0.001
0.001
0.001
0.001
0.275
0.001
0.001
0.001
0.001
0.001
0.001
0.001
0.001
0.001
0.001
0.001
0.935
0.001
0.001
0.001
0.001
0.001
0.001
0.001
0.001
0.001
0.005
0.001
0.001
0.001
0.001
0.001
0.001
0.001
0.001
0.001
0.001
0.001
0.498
0.001
0.001
0.001
0.001
0.022
0.001
0.001
0.641
0.001
0.001
0.001
0.001
0.001
0.001
0.001
0.001
0.001
0.002
0.001
0.001
0.001
0.378
0.001
0.001
0.001
0.001
0.001
0.001
0.007
0.001
0.001
0.001
0.001
0.001
0.001
0.001
0.001
0.001
0.001
0.001
0.001
0.172
0.001
0.001
0.001
0.001
0.017
0.001
0.001
0.001
0.001
0.001
0.001
0.005
0.003
0.006
0.001
0.001
0.001
0.001
0.001
0.001
0.001
0.001
0.001
0.001
0.001
0.001
0.001
0.001
0.001
0.001
0.001
0.001
0.001
0.001
0.001
0.001
0.001
0.001
0.001
0.001
0.001
0.001
0.001
0.022
0.001
0.001
0.001
0.001
0.001
0.001
0.001
0.001
0.098
0.001
0.001
0.001
0.001
0.009
0.001
0.001
0.971
0.001
0.001
0.001
0.001
0.001
0.001
0.001
0.001
0.001
0.001
0.329
0.001
0.001
0.001
0.001
0.001
0.001
0.001
0.001
0.001
0.001
0.001
0.91
0.001
0.001
0.001
0.001
0.001
0.001
0.001
0.001
0.001
0.007
0.001
0.001
0.001
0.001
0.001
0.001
0.001
0.001
0.001
0.001
0.001
0.529
0.001
0.001
0.001
0.001
0.027
0.002
0.001
0.638
0.001
0.001
0.003
0.001
0.001
0.002
0.001
0.001
0.002
0.003
0.001
0.001
0.001
0.415
0.001
0.001
0.001
0.001
0.001
0.001
0.011
0.001
0.001
0.001
0.001
0.001
0.001
0.001
0.001
0.002
0.001
0.001
0.001
0.201
0.001
0.001
0.001
0.001
0.022
0.001
0.001
0.001
0.001
0.001
0.001
0.008
0.003
0.011
0.001
0.001
0.001
0.001
0.001
0.001
0.001
0.001
0.001
0.001
0.001
0.001
0.001
0.001
0.001
0.001
0.001
0.001
0.001
0.001
0.001
0.001
0.001
0.001
0.001
0.001
0.001
0.001
0.001
0.027
0.001
0.001
0.001
0.001
0.001
0.001
0.001
0.001
0.099
0.001
0.001
0.001
0.003
0.014
0.001
0.001
0.961
0.001
0.001
0.001
0.001
0.001
0.001
0.001
0.001
0.001
0.001
0.298
0.001
0.001
0.001
0.001
0.001
0.001
0.001
0.001
0.001
0.001
0.001
0.927
0.001
0.001
0.001
0.001
0.001
0.001
0.001
0.001
0.001
0.008
0.001
0.001
0.001
0.001
0.001
0.001
0.001
0.001
0.001
0.001
0.001
0.546
0.001
0.001
0.001
0.001
0.016
0.005
0.001
0.662
0.001
0.001
0.007
0.001
0.001
0.004
0.001
0.001
0.004
0.007
0.001
0.001
0.001
0.415
0.001
0.001
0.001
0.001
0.004
0.001
0.011
0.001
0.004
0.001
0.001
0.001
0.001
0.001
0.001
0.004
0.001
0.001
0.001
0.178
0.001
0.001
0.001
0.001
0.015
0.001
0.001
0.001
0.001
0.001
0.001
0.008
0.007
0.011
0.001
0.001
0.001
0.001
0.001
0.001
0.001
0.001
0.001
0.001
0.001
0.001
0.001
0.001
0.001
0.001
0.001
0.001
0.001
0.004
0.001
0.001
0.001
0.001
0.001
0.001
0.001
0.001
0.001
0.016
0.001
0.001
0.001
0.001
0.001
0.001
0.001
0.001
0.109
0.001
0.001
0.001
0.006
0.011
0.001
0.001
0.954
0.001
0.001
0.001
0.001
0.004
0.001
0.001
0.001
0.001
0.001
0.272
0.001
0.001
0.001
0.001
0.001
0.001
0.001
0.001
0.001
0.001
0.001
0.931
0.001
0.001
0.001
0.001
0.001
0.001
0.001
0.001
0.001
0.006
0.001
0.001
0.001
0.001
0.001
0.001
0.001
0.001
0.001
0.001
0.001
0.501
0.001
0.001
0.001
0.001
0.018
0.002
0.001
0.647
0.001
0.001
0.002
0.001
0.001
0.002
0.001
0.001
0.002
0.002
0.001
0.001
0.001
0.371
0.001
0.001
0.001
0.001
0.002
0.001
0.008
0.001
0.002
0.001
0.001
0.001
0.001
0.001
0.001
0.002
0.001
0.001
0.001
0.153
0.001
0.001
0.001
0.001
0.017
0.001
0.001
0.001
0.001
0.001
0.001
0.006
0.004
0.008
0.001
0.001
0.001
0.001
0.001
0.001
0.001
0.001
0.001
0.001
0.001
0.001
0.001
0.001
0.001
0.001
0.001
0.001
0.001
0.002
0.001
0.001
0.001
0.001
0.001
0.001
0.001
0.001
0.001
0.018
0.001
0.001
0.001
0.001
0.001
0.001
0.001
0.001
0.08
0.001
0.001
0.001
0.002
0.009
0.001
0.001
0.957
0.001
0.001
0.001
0.001
0.002
0.001
0.001
0.001
0.001
0.001
0.281
0.001
0.001
0.001
0.001
0.001
0.001
0.001
0.001
0.001
0.001
0.001
0.924
0.001
0.001
0.001
0.001
0.001
0.001
0.001
0.001
0.001
0.004
0.001
0.001
0.001
0.001
0.001
0.001
0.001
0.001
0.001
0.001
0.001
0.521
0.001
0.001
0.001
0.001
0.02
0.001
0.001
0.651
0.001
0.001
0.001
0.001
0.001
0.001
0.001
0.001
0.001
0.002
0.001
0.001
0.001
0.395
0.001
0.001
0.001
0.001
0.001
0.001
0.009
0.001
0.001
0.001
0.001
0.001
0.001
0.001
0.001
0.001
0.001
0.001
0.001
0.162
0.001
0.001
0.001
0.001
0.017
0.001
0.001
0.001
0.001
0.001
0.001
0.006
0.002
0.009
0.001
0.001
0.001
0.001
0.001
0.001
0.001
0.001
0.001
0.001
0.001
0.001
0.001
0.001
0.001
0.001
0.001
0.001
0.001
0.001
0.001
0.001
0.001
0.001
0.001
0.001
0.001
0.001
0.001
0.02
0.001
0.001
0.001
0.001
0.001
0.001
0.001
0.001
0.081
0.001
0.001
0.001
0.001
0.009
0.001
0.001
0.95
0.001
0.001
0.001
0.001
0.001
0.001
0.001
0.001
0.001
0.001
0.326
0.001
0.001
0.001
0.001
0.001
0.001
0.001
0.001
0.001
0.001
0.001
0.924
0.001
0.001
0.001
0.001
0.001
0.001
0.001
0.001
0.001
0.007
0.001
0.001
0.001
0.001
0.001
0.001
0.001
0.001
0.001
0.001
0.001
0.548
0.001
0.001
0.001
0.001
0.02
0.004
0.001
0.668
0.001
0.001
0.005
0.001
0.001
0.003
0.001
0.001
0.003
0.006
0.001
0.001
0.001
0.424
0.001
0.001
0.001
0.001
0.002
0.001
0.009
0.001
0.002
0.001
0.001
0.001
0.001
0.001
0.001
0.003
0.001
0.001
0.001
0.193
0.001
0.001
0.001
0.001
0.02
0.001
0.001
0.001
0.001
0.001
0.001
0.008
0.006
0.009
0.001
0.001
0.001
0.001
0.001
0.001
0.001
0.001
0.001
0.001
0.001
0.001
0.001
0.001
0.001
0.001
0.001
0.001
0.001
0.001
0.001
0.001
0.001
0.001
0.001
0.001
0.001
0.001
0.001
0.02
0.001
0.001
0.001
0.001
0.001
0.001
0.001
0.001
0.108
0.001
0.001
0.001
0.005
0.013
0.001
0.001
0.959
0.001
0.001
0.001
0.001
0.002
0.001
0.001
0.001
0.001
0.001
0.287
0.001
0.001
0.001
0.001
0.001
0.001
0.001
0.002
0.001
0.001
0.001
0.926
0.001
0.001
0.001
0.001
0.001
0.001
0.001
0.001
0.001
0.013
0.001
0.001
0.001
0.001
0.001
0.001
0.001
0.001
0.002
0.001
0.002
0.5
0.001
0.001
0.001
0.001
0.025
0.006
0.001
0.648
0.001
0.001
0.008
0.001
0.001
0.005
0.001
0.002
0.005
0.008
0.001
0.001
0.001
0.386
0.001
0.001
0.001
0.001
0.004
0.001
0.014
0.001
0.004
0.001
0.001
0.001
0.001
0.001
0.001
0.005
0.002
0.001
0.001
0.173
0.001
0.001
0.001
0.001
0.024
0.001
0.001
0.001
0.001
0.001
0.001
0.013
0.008
0.014
0.001
0.001
0.001
0.001
0.001
0.001
0.001
0.001
0.001
0.001
0.001
0.001
0.001
0.001
0.001
0.002
0.001
0.001
0.001
0.004
0.001
0.001
0.001
0.001
0.001
0.001
0.001
0.001
0.001
0.025
0.001
0.001
0.001
0.001
0.001
0.001
0.001
0.001
0.097
0.001
0.001
0.001
0.008
0.015
0.001
0.001
0.959
0.001
0.001
0.001
0.001
0.004
0.001
0.001
0.001
0.001
0.001
0.286
0.001
0.001
0.001
0.001
0.001
0.001
0.001
0.001
0.001
0.001
0.001
0.919
0.001
0.001
0.001
0.001
0.001
0.001
0.001
0.001
0.001
0.006
0.001
0.001
0.001
0.001
0.001
0.001
0.001
0.001
0.001
0.001
0.001
0.503
0.001
0.001
0.001
0.001
0.024
0.002
0.001
0.632
0.001
0.001
0.003
0.001
0.001
0.002
0.001
0.001
0.002
0.003
0.001
0.001
0.001
0.391
0.001
0.001
0.001
0.001
0.002
0.001
0.009
0.001
0.002
0.001
0.001
0.001
0.001
0.001
0.001
0.002
0.001
0.001
0.001
0.167
0.001
0.001
0.001
0.001
0.017
0.001
0.001
0.001
0.001
0.001
0.001
0.006
0.004
0.009
0.001
0.001
0.001
0.001
0.001
0.001
0.001
0.001
0.001
0.001
0.001
0.001
0.001
0.001
0.001
0.001
0.001
0.001
0.001
0.002
0.001
0.001
0.001
0.001
0.001
0.001
0.001
0.001
0.001
0.024
0.001
0.001
0.001
0.001
0.001
0.001
0.001
0.001
0.094
0.001
0.001
0.001
0.003
0.01
0.001
0.001
0.964
0.001
0.001
0.001
0.001
0.002
0.001
0.001
0.001
0.001
0.001
0.308
0.001
0.001
0.001
0.001
0.001
0.001
0.001
0.001
0.001
0.001
0.001
0.946
0.001
0.001
0.001
0.001
0.001
0.001
0.001
0.001
0.001
0.001
0.001
0.001
0.001
0.001
0.001
0.001
0.001
0.001
0.001
0.001
0.001
0.552
0.001
0.001
0.001
0.001
0.019
0.001
0.001
0.675
0.001
0.001
0.001
0.001
0.001
0.001
0.001
0.001
0.001
0.001
0.001
0.001
0.001
0.41
0.001
0.001
0.001
0.001
0.001
0.001
0.004
0.001
0.001
0.001
0.001
0.001
0.001
0.001
0.001
0.001
0.001
0.001
0.001
0.185
0.001
0.001
0.001
0.001
0.017
0.001
0.001
0.001
0.001
0.001
0.001
0.001
0.001
0.004
0.001
0.001
0.001
0.001
0.001
0.001
0.001
0.001
0.001
0.001
0.001
0.001
0.001
0.001
0.001
0.001
0.001
0.001
0.001
0.001
0.001
0.001
0.001
0.001
0.001
0.001
0.001
0.001
0.001
0.019
0.001
0.001
0.001
0.001
0.001
0.001
0.001
0.001
0.091
0.001
0.001
0.001
0.001
0.005
0.001
0.001
0.977
0.001
0.001
0.001
0.001
0.001
0.001
0.001
0.001
0.001
0.001
0.321
0.001
0.001
0.001
0.001
0.001
0.001
0.001
0.001
0.001
0.001
0.001
0.923
0.001
0.001
0.001
0.001
0.001
0.001
0.001
0.001
0.001
0.004
0.001
0.001
0.001
0.001
0.001
0.001
0.001
0.001
0.001
0.001
0.001
0.53
0.001
0.001
0.001
0.001
0.024
0.001
0.001
0.638
0.001
0.001
0.002
0.001
0.001
0.001
0.001
0.001
0.001
0.002
0.001
0.001
0.001
0.424
0.001
0.001
0.001
0.001
0.001
0.001
0.007
0.001
0.001
0.001
0.001
0.001
0.001
0.001
0.001
0.001
0.001
0.001
0.001
0.195
0.001
0.001
0.001
0.001
0.02
0.001
0.001
0.001
0.001
0.001
0.001
0.005
0.002
0.007
0.001
0.001
0.001
0.001
0.001
0.001
0.001
0.001
0.001
0.001
0.001
0.001
0.001
0.001
0.001
0.001
0.001
0.001
0.001
0.001
0.001
0.001
0.001
0.001
0.001
0.001
0.001
0.001
0.001
0.024
0.001
0.001
0.001
0.001
0.001
0.001
0.001
0.001
0.106
0.001
0.001
0.001
0.002
0.009
0.001
0.001
0.96
0.001
0.001
0.001
0.001
0.001
0.001
0.001
0.001
0.001
0.001
0.285
0.001
0.001
0.001
0.001
0.001
0.001
0.001
0.001
0.001
0.001
0.001
0.923
0.001
0.001
0.001
0.001
0.001
0.001
0.001
0.001
0.001
0.011
0.001
0.001
0.001
0.001
0.001
0.001
0.001
0.001
0.001
0.001
0.001
0.529
0.001
0.001
0.001
0.001
0.03
0.005
0.001
0.659
0.001
0.001
0.005
0.001
0.001
0.003
0.001
0.001
0.004
0.005
0.001
0.001
0.001
0.405
0.001
0.001
0.001
0.001
0.003
0.001
0.013
0.001
0.003
0.001
0.001
0.001
0.001
0.001
0.001
0.004
0.001
0.001
0.001
0.178
0.001
0.001
0.001
0.001
0.027
0.001
0.001
0.001
0.001
0.001
0.001
0.011
0.007
0.013
0.001
0.001
0.001
0.001
0.001
0.001
0.001
0.001
0.001
0.001
0.001
0.001
0.001
0.001
0.001
0.001
0.001
0.001
0.001
0.003
0.001
0.001
0.001
0.001
0.001
0.001
0.001
0.001
0.001
0.03
0.001
0.001
0.001
0.001
0.001
0.001
0.001
0.001
0.102
0.001
0.001
0.001
0.005
0.014
0.001
0.001
0.96
0.001
0.001
0.001
0.001
0.003
0.001
0.001
0.001
0.001
0.001
0.287
0.001
0.001
0.001
0.001
0.001
0.001
0.001
0.001
0.001
0.001
0.001
0.92
0.001
0.001
0.001
0.001
0.001
0.001
0.001
0.001
0.001
0.011
0.001
0.001
0.001
0.001
0.001
0.001
0.001
0.001
0.001
0.001
0.001
0.529
0.001
0.001
0.001
0.001
0.025
0.005
0.001
0.646
0.001
0.001
0.007
0.001
0.001
0.003
0.001
0.001
0.004
0.008
0.001
0.001
0.001
0.395
0.001
0.001
0.001
0.001
0.003
0.001
0.015
0.001
0.003
0.001
0.001
0.001
0.001
0.001
0.001
0.004
0.002
0.001
0.001
0.181
0.001
0.001
0.001
0.001
0.025
0.001
0.001
0.001
0.001
0.001
0.001
0.011
0.008
0.015
0.001
0.001
0.001
0.001
0.001
0.001
0.001
0.001
0.001
0.001
0.001
0.001
0.001
0.001
0.001
0.001
0.001
0.001
0.001
0.003
0.001
0.001
0.001
0.001
0.001
0.001
0.001
0.001
0.001
0.025
0.001
0.001
0.001
0.001
0.001
0.001
0.001
0.001
0.104
0.001
0.001
0.001
0.007
0.016
0.001
0.001
0.963
0.001
0.001
0.001
0.001
0.003
0.001
0.001
0.001
0.001
0.001
0.289
0.001
0.001
0.001
0.001
0.001
0.001
0.001
0.001
0.001
0.001
0.001
0.924
0.001
0.001
0.001
0.001
0.001
0.001
0.001
0.001
0.001
0.005
0.001
0.001
0.001
0.001
0.001
0.001
0.001
0.001
0.001
0.001
0.001
0.522
0.001
0.001
0.001
0.001
0.023
0.001
0.001
0.665
0.001
0.001
0.004
0.001
0.001
0.001
0.001
0.001
0.001
0.004
0.001
0.001
0.001
0.409
0.001
0.001
0.001
0.001
0.001
0.001
0.006
0.001
0.001
0.001
0.001
0.001
0.001
0.001
0.001
0.001
0.001
0.001
0.001
0.167
0.001
0.001
0.001
0.001
0.02
0.001
0.001
0.001
0.001
0.001
0.001
0.006
0.004
0.006
0.001
0.001
0.001
0.001
0.001
0.001
0.001
0.001
0.001
0.001
0.001
0.001
0.001
0.001
0.001
0.001
0.001
0.001
0.001
0.001
0.001
0.001
0.001
0.001
0.001
0.001
0.001
0.001
0.001
0.023
0.001
0.001
0.001
0.001
0.001
0.001
0.001
0.001
0.093
0.001
0.001
0.001
0.003
0.006
0.001
0.001
0.968
0.001
0.001
0.001
0.001
0.001
0.001
0.001
0.001
0.001
0.001
0.289
0.001
0.001
0.001
0.001
0.001
0.001
0.001
0.002
0.001
0.001
0.001
0.927
0.001
0.001
0.001
0.001
0.001
0.001
0.001
0.001
0.001
0.006
0.001
0.001
0.001
0.001
0.001
0.001
0.001
0.001
0.002
0.001
0.002
0.516
0.001
0.001
0.001
0.001
0.023
0.005
0.001
0.651
0.001
0.001
0.005
0.001
0.001
0.005
0.001
0.002
0.005
0.005
0.001
0.001
0.001
0.4
0.001
0.001
0.001
0.001
0.004
0.001
0.007
0.001
0.004
0.001
0.001
0.001
0.001
0.001
0.001
0.005
0.003
0.001
0.001
0.175
0.001
0.001
0.001
0.001
0.02
0.001
0.001
0.001
0.001
0.001
0.001
0.006
0.005
0.007
0.001
0.001
0.001
0.001
0.001
0.001
0.001
0.001
0.001
0.001
0.001
0.001
0.001
0.001
0.001
0.002
0.001
0.001
0.001
0.004
0.001
0.001
0.001
0.001
0.001
0.001
0.001
0.001
0.001
0.023
0.001
0.001
0.001
0.001
0.001
0.001
0.001
0.001
0.099
0.001
0.001
0.001
0.005
0.007
0.001
0.001
0.967
0.001
0.001
0.001
0.001
0.004
0.001
0.001
0.001
0.001
0.001
0.325
0.001
0.001
0.001
0.001
0.001
0.001
0.001
0.001
0.001
0.001
0.001
0.922
0.001
0.001
0.001
0.001
0.001
0.001
0.001
0.001
0.001
0.009
0.001
0.001
0.001
0.001
0.001
0.001
0.001
0.001
0.001
0.001
0.001
0.556
0.001
0.001
0.001
0.001
0.021
0.006
0.001
0.65
0.001
0.001
0.007
0.001
0.001
0.002
0.001
0.001
0.003
0.007
0.001
0.001
0.001
0.426
0.001
0.001
0.001
0.001
0.001
0.001
0.009
0.001
0.001
0.001
0.001
0.001
0.001
0.001
0.001
0.003
0.001
0.001
0.001
0.196
0.001
0.001
0.001
0.001
0.018
0.001
0.001
0.001
0.001
0.001
0.001
0.009
0.007
0.009
0.001
0.001
0.001
0.001
0.001
0.001
0.001
0.001
0.001
0.001
0.001
0.001
0.001
0.001
0.001
0.001
0.001
0.001
0.001
0.001
0.001
0.001
0.001
0.001
0.001
0.001
0.001
0.001
0.001
0.021
0.001
0.001
0.001
0.001
0.001
0.001
0.001
0.001
0.116
0.001
0.001
0.001
0.007
0.009
0.001
0.001
0.956
0.001
0.001
0.001
0.001
0.001
0.001
0.001
0.001
0.001
0.001
0.284
0.001
0.001
0.001
0.001
0.001
0.001
0.001
0.001
0.001
0.001
0.001
0.931
0.001
0.001
0.001
0.001
0.001
0.001
0.001
0.001
0.001
0.005
0.001
0.001
0.001
0.001
0.001
0.001
0.001
0.001
0.001
0.001
0.001
0.524
0.001
0.001
0.001
0.001
0.013
0.002
0.001
0.655
0.001
0.001
0.003
0.001
0.001
0.002
0.001
0.001
0.002
0.003
0.001
0.001
0.001
0.396
0.001
0.001
0.001
0.001
0.001
0.001
0.005
0.001
0.001
0.001
0.001
0.001
0.001
0.001
0.001
0.002
0.001
0.001
0.001
0.173
0.001
0.001
0.001
0.001
0.01
0.001
0.001
0.001
0.001
0.001
0.001
0.005
0.003
0.005
0.001
0.001
0.001
0.001
0.001
0.001
0.001
0.001
0.001
0.001
0.001
0.001
0.001
0.001
0.001
0.001
0.001
0.001
0.001
0.001
0.001
0.001
0.001
0.001
0.001
0.001
0.001
0.001
0.001
0.013
0.001
0.001
0.001
0.001
0.001
0.001
0.001
0.001
0.102
0.001
0.001
0.001
0.003
0.005
0.001
0.001
0.969
0.001
0.001
0.001
0.001
0.001
0.001
0.001
0.001
0.001
0.001
0.292
0.001
0.001
0.001
0.001
0.001
0.001
0.001
0.002
0.001
0.001
0.001
0.933
0.001
0.001
0.001
0.001
0.001
0.001
0.001
0.001
0.001
0.01
0.001
0.001
0.001
0.001
0.001
0.001
0.001
0.001
0.002
0.001
0.002
0.526
0.001
0.001
0.001
0.001
0.029
0.006
0.001
0.669
0.001
0.001
0.006
0.001
0.001
0.004
0.001
0.002
0.004
0.007
0.001
0.001
0.001
0.392
0.001
0.001
0.001
0.001
0.002
0.001
0.011
0.001
0.002
0.001
0.001
0.001
0.001
0.002
0.001
0.004
0.002
0.001
0.001
0.179
0.001
0.001
0.001
0.001
0.025
0.001
0.001
0.001
0.001
0.001
0.001
0.01
0.007
0.011
0.001
0.001
0.001
0.001
0.001
0.001
0.001
0.001
0.001
0.001
0.001
0.001
0.001
0.001
0.001
0.002
0.001
0.001
0.001
0.002
0.001
0.001
0.001
0.001
0.001
0.001
0.001
0.001
0.001
0.029
0.001
0.001
0.001
0.001
0.001
0.001
0.001
0.001
0.098
0.001
0.001
0.001
0.006
0.011
0.001
0.001
0.965
0.001
0.001
0.001
0.001
0.002
0.001
0.001
0.001
0.001
0.001
0.31
0.001
0.001
0.001
0.001
0.001
0.001
0.001
0.002
0.001
0.001
0.001
0.922
0.001
0.001
0.001
0.001
0.001
0.001
0.001
0.001
0.001
0.013
0.001
0.001
0.001
0.001
0.001
0.001
0.001
0.001
0.003
0.001
0.003
0.53
0.001
0.001
0.001
0.001
0.033
0.009
0.001
0.662
0.001
0.001
0.01
0.001
0.001
0.008
0.001
0.005
0.009
0.01
0.001
0.001
0.001
0.415
0.001
0.001
0.001
0.001
0.006
0.001
0.015
0.001
0.006
0.001
0.001
0.001
0.001
0.002
0.001
0.009
0.006
0.001
0.001
0.194
0.001
0.001
0.001
0.001
0.029
0.001
0.001
0.001
0.001
0.001
0.001
0.013
0.011
0.015
0.001
0.001
0.001
0.001
0.001
0.001
0.001
0.001
0.001
0.001
0.001
0.001
0.001
0.001
0.001
0.003
0.001
0.001
0.001
0.006
0.001
0.001
0.001
0.001
0.001
0.001
0.001
0.001
0.001
0.033
0.001
0.001
0.001
0.001
0.001
0.001
0.001
0.001
0.116
0.001
0.001
0.001
0.01
0.017
0.001
0.001
0.962
0.001
0.001
0.001
0.001
0.006
0.001
0.001
0.001
0.001
0.001
0.308
0.001
0.001
0.001
0.001
0.001
0.001
0.001
0.001
0.001
0.001
0.001
0.931
0.001
0.001
0.001
0.001
0.001
0.001
0.001
0.001
0.001
0.008
0.001
0.001
0.001
0.001
0.001
0.001
0.001
0.001
0.001
0.001
0.001
0.528
0.001
0.001
0.001
0.001
0.028
0.004
0.001
0.642
0.001
0.001
0.005
0.001
0.001
0.004
0.001
0.001
0.004
0.006
0.001
0.001
0.001
0.396
0.001
0.001
0.001
0.001
0.002
0.001
0.013
0.001
0.002
0.001
0.001
0.001
0.001
0.001
0.001
0.004
0.001
0.001
0.001
0.18
0.001
0.001
0.001
0.001
0.024
0.001
0.001
0.001
0.001
0.001
0.001
0.009
0.007
0.012
0.001
0.001
0.001
0.001
0.001
0.001
0.001
0.001
0.001
0.001
0.001
0.001
0.001
0.001
0.001
0.001
0.001
0.001
0.001
0.002
0.001
0.001
0.001
0.001
0.001
0.001
0.001
0.001
0.001
0.028
0.001
0.001
0.001
0.001
0.001
0.001
0.001
0.001
0.093
0.001
0.001
0.001
0.005
0.014
0.001
0.001
0.966
0.001
0.001
0.001
0.001
0.002
0.001
0.001
0.001
0.001
0.001
0.299
0.001
0.001
0.001
0.001
0.001
0.001
0.001
0.001
0.001
0.001
0.001
0.909
0.001
0.001
0.001
0.001
0.001
0.001
0.001
0.001
0.001
0.007
0.001
0.001
0.001
0.001
0.001
0.001
0.001
0.001
0.001
0.001
0.001
0.52
0.001
0.001
0.001
0.001
0.025
0.003
0.001
0.641
0.001
0.001
0.003
0.001
0.001
0.002
0.001
0.001
0.002
0.004
0.001
0.001
0.001
0.414
0.001
0.001
0.001
0.001
0.002
0.001
0.009
0.001
0.002
0.001
0.001
0.001
0.001
0.001
0.001
0.002
0.001
0.001
0.001
0.185
0.001
0.001
0.001
0.001
0.023
0.001
0.001
0.001
0.001
0.001
0.001
0.007
0.005
0.009
0.001
0.001
0.001
0.001
0.001
0.001
0.001
0.001
0.001
0.001
0.001
0.001
0.001
0.001
0.001
0.001
0.001
0.001
0.001
0.002
0.001
0.001
0.001
0.001
0.001
0.001
0.001
0.001
0.001
0.025
0.001
0.001
0.001
0.001
0.001
0.001
0.001
0.001
0.1
0.001
0.001
0.001
0.003
0.011
0.001
0.001
0.953
0.001
0.001
0.001
0.001
0.002
0.001
0.001
0.001
0.001
0.001
0.277
0.001
0.001
0.001
0.001
0.001
0.001
0.001
0.002
0.001
0.001
0.001
0.919
0.001
0.001
0.001
0.001
0.001
0.001
0.001
0.001
0.001
0.007
0.001
0.001
0.001
0.001
0.001
0.001
0.001
0.001
0.002
0.001
0.004
0.517
0.001
0.001
0.001
0.001
0.022
0.005
0.001
0.65
0.001
0.001
0.005
0.001
0.001
0.005
0.001
0.004
0.005
0.005
0.001
0.001
0.001
0.372
0.001
0.001
0.001
0.001
0.005
0.001
0.009
0.001
0.005
0.001
0.001
0.001
0.001
0.002
0.001
0.005
0.004
0.001
0.001
0.16
0.001
0.001
0.001
0.001
0.018
0.001
0.001
0.001
0.001
0.001
0.001
0.007
0.005
0.008
0.001
0.001
0.001
0.001
0.001
0.001
0.001
0.001
0.001
0.001
0.002
0.001
0.001
0.001
0.001
0.004
0.001
0.001
0.001
0.005
0.001
0.001
0.001
0.001
0.001
0.001
0.001
0.001
0.001
0.022
0.001
0.001
0.001
0.001
0.001
0.001
0.001
0.001
0.094
0.001
0.001
0.001
0.005
0.01
0.001
0.001
0.958
0.001
0.001
0.001
0.001
0.005
0.001
0.001
0.001
0.001
0.001
0.291
0.001
0.001
0.001
0.001
0.001
0.001
0.001
0.002
0.001
0.001
0.001
0.93
0.001
0.001
0.001
0.001
0.001
0.001
0.001
0.001
0.001
0.009
0.001
0.001
0.001
0.001
0.001
0.001
0.001
0.001
0.002
0.001
0.002
0.527
0.001
0.001
0.001
0.001
0.021
0.006
0.001
0.667
0.001
0.001
0.008
0.001
0.001
0.003
0.001
0.003
0.004
0.008
0.001
0.001
0.001
0.414
0.001
0.001
0.001
0.001
0.003
0.001
0.011
0.001
0.003
0.001
0.001
0.001
0.001
0.001
0.001
0.004
0.003
0.001
0.001
0.173
0.001
0.001
0.001
0.001
0.019
0.001
0.001
0.001
0.001
0.001
0.001
0.009
0.009
0.01
0.001
0.001
0.001
0.001
0.001
0.001
0.001
0.001
0.001
0.001
0.001
0.001
0.001
0.001
0.001
0.003
0.001
0.001
0.001
0.003
0.001
0.001
0.001
0.001
0.001
0.001
0.001
0.001
0.001
0.021
0.001
0.001
0.001
0.001
0.001
0.001
0.001
0.001
0.087
0.001
0.001
0.001
0.008
0.011
0.001
0.001
0.96
0.001
0.001
0.001
0.001
0.003
0.001
0.001
0.001
0.001
0.001
0.293
0.001
0.001
0.001
0.001
0.001
0.001
0.001
0.001
0.001
0.001
0.001
0.931
0.001
0.001
0.001
0.001
0.001
0.001
0.001
0.001
0.001
0.009
0.001
0.001
0.001
0.001
0.001
0.001
0.001
0.001
0.001
0.001
0.001
0.521
0.001
0.001
0.001
0.001
0.028
0.002
0.001
0.643
0.001
0.001
0.003
0.001
0.001
0.002
0.001
0.001
0.002
0.005
0.001
0.001
0.001
0.394
0.001
0.001
0.001
0.001
0.002
0.001
0.01
0.001
0.002
0.001
0.001
0.001
0.001
0.001
0.001
0.002
0.002
0.001
0.001
0.183
0.001
0.001
0.001
0.001
0.028
0.001
0.001
0.001
0.001
0.001
0.001
0.009
0.005
0.01
0.001
0.001
0.001
0.001
0.001
0.001
0.001
0.001
0.001
0.001
0.001
0.001
0.001
0.001
0.001
0.001
0.001
0.001
0.001
0.002
0.001
0.001
0.001
0.001
0.001
0.001
0.001
0.001
0.001
0.028
0.001
0.001
0.001
0.001
0.001
0.001
0.001
0.001
0.1
0.001
0.001
0.001
0.003
0.011
0.001
0.001
0.966
0.001
0.001
0.001
0.001
0.002
0.001
0.001
0.001
0.001
0.001
0.293
0.001
0.001
0.001
0.001
0.001
0.001
0.001
0.002
0.001
0.001
0.001
0.922
0.001
0.001
0.001
0.001
0.001
0.001
0.001
0.001
0.001
0.005
0.001
0.001
0.001
0.001
0.001
0.001
0.001
0.001
0.002
0.001
0.002
0.514
0.001
0.001
0.001
0.001
0.017
0.002
0.001
0.635
0.001
0.001
0.004
0.001
0.001
0.002
0.001
0.002
0.002
0.005
0.001
0.001
0.001
0.396
0.001
0.001
0.001
0.001
0.002
0.001
0.007
0.001
0.002
0.001
0.001
0.001
0.001
0.001
0.001
0.002
0.002
0.001
0.001
0.171
0.001
0.001
0.001
0.001
0.015
0.001
0.001
0.001
0.001
0.001
0.001
0.005
0.005
0.006
0.001
0.001
0.001
0.001
0.001
0.001
0.001
0.001
0.001
0.001
0.001
0.001
0.001
0.001
0.001
0.002
0.001
0.001
0.001
0.002
0.001
0.001
0.001
0.001
0.001
0.001
0.001
0.001
0.001
0.017
0.001
0.001
0.001
0.001
0.001
0.001
0.001
0.001
0.109
0.001
0.001
0.001
0.004
0.009
0.001
0.001
0.96
0.001
0.001
0.001
0.001
0.002
0.001
0.001
0.001
0.001
0.001
0.307
0.001
0.001
0.001
0.001
0.001
0.001
0.001
0.001
0.001
0.001
0.001
0.931
0.001
0.001
0.001
0.001
0.001
0.001
0.001
0.001
0.001
0.007
0.001
0.001
0.001
0.001
0.001
0.001
0.001
0.001
0.001
0.001
0.002
0.545
0.001
0.001
0.001
0.001
0.022
0.004
0.001
0.665
0.001
0.001
0.005
0.001
0.001
0.003
0.001
0.002
0.004
0.006
0.001
0.001
0.001
0.402
0.001
0.001
0.001
0.001
0.003
0.001
0.01
0.001
0.003
0.001
0.001
0.001
0.001
0.001
0.001
0.004
0.002
0.001
0.001
0.171
0.001
0.001
0.001
0.001
0.021
0.001
0.001
0.001
0.001
0.001
0.001
0.007
0.006
0.009
0.001
0.001
0.001
0.001
0.001
0.001
0.001
0.001
0.001
0.001
0.001
0.001
0.001
0.001
0.001
0.002
0.001
0.001
0.001
0.003
0.001
0.001
0.001
0.001
0.001
0.001
0.001
0.001
0.001
0.022
0.001
0.001
0.001
0.001
0.001
0.001
0.001
0.001
0.077
0.001
0.001
0.001
0.005
0.01
0.001
0.001
0.972
0.001
0.001
0.001
0.001
0.003
0.001
0.001
0.001
0.001
0.001
0.282
0.001
0.001
0.001
0.001
0.001
0.001
0.001
0.001
0.001
0.001
0.001
0.936
0.001
0.001
0.001
0.001
0.001
0.001
0.001
0.001
0.001
0.008
0.001
0.001
0.001
0.001
0.001
0.001
0.001
0.001
0.001
0.001
0.001
0.53
0.001
0.001
0.001
0.001
0.029
0.004
0.001
0.662
0.001
0.001
0.004
0.001
0.001
0.003
0.001
0.001
0.004
0.005
0.001
0.001
0.001
0.392
0.001
0.001
0.001
0.001
0.003
0.001
0.01
0.001
0.003
0.001
0.001
0.001
0.001
0.001
0.001
0.004
0.001
0.001
0.001
0.159
0.001
0.001
0.001
0.001
0.023
0.001
0.001
0.001
0.001
0.001
0.001
0.008
0.006
0.01
0.001
0.001
0.001
0.001
0.001
0.001
0.001
0.001
0.001
0.001
0.001
0.001
0.001
0.001
0.001
0.001
0.001
0.001
0.001
0.003
0.001
0.001
0.001
0.001
0.001
0.001
0.001
0.001
0.001
0.029
0.001
0.001
0.001
0.001
0.001
0.001
0.001
0.001
0.089
0.001
0.001
0.001
0.004
0.011
0.001
0.001
0.964
0.001
0.001
0.001
0.001
0.003
0.001
0.001
0.001
0.001
0.001
0.271
0.001
0.001
0.001
0.001
0.001
0.001
0.001
0.001
0.001
0.001
0.001
0.92
0.001
0.001
0.001
0.001
0.001
0.001
0.001
0.001
0.001
0.006
0.001
0.001
0.001
0.001
0.001
0.001
0.001
0.001
0.001
0.001
0.001
0.507
0.001
0.001
0.001
0.001
0.018
0.004
0.001
0.633
0.001
0.001
0.004
0.001
0.001
0.002
0.001
0.001
0.003
0.004
0.001
0.001
0.001
0.369
0.001
0.001
0.001
0.001
0.002
0.001
0.006
0.001
0.002
0.001
0.001
0.001
0.001
0.001
0.001
0.003
0.001
0.001
0.001
0.175
0.001
0.001
0.001
0.001
0.016
0.001
0.001
0.001
0.001
0.001
0.001
0.006
0.005
0.006
0.001
0.001
0.001
0.001
0.001
0.001
0.001
0.001
0.001
0.001
0.001
0.001
0.001
0.001
0.001
0.001
0.001
0.001
0.001
0.002
0.001
0.001
0.001
0.001
0.001
0.001
0.001
0.001
0.001
0.018
0.001
0.001
0.001
0.001
0.001
0.001
0.001
0.001
0.09
0.001
0.001
0.001
0.004
0.007
0.001
0.001
0.971
0.001
0.001
0.001
0.001
0.002
0.001
0.001
0.001
0.001
0.001
0.28
0.001
0.001
0.001
0.001
0.001
0.001
0.001
0.001
0.001
0.001
0.001
0.93
0.001
0.001
0.001
0.001
0.001
0.001
0.001
0.001
0.001
0.002
0.001
0.001
0.001
0.001
0.001
0.001
0.001
0.001
0.001
0.001
0.001
0.525
0.001
0.001
0.001
0.001
0.023
0.001
0.001
0.665
0.001
0.001
0.001
0.001
0.001
0.001
0.001
0.001
0.001
0.001
0.001
0.001
0.001
0.404
0.001
0.001
0.001
0.001
0.001
0.001
0.005
0.001
0.001
0.001
0.001
0.001
0.001
0.001
0.001
0.001
0.001
0.001
0.001
0.171
0.001
0.001
0.001
0.001
0.02
0.001
0.001
0.001
0.001
0.001
0.001
0.002
0.001
0.005
0.001
0.001
0.001
0.001
0.001
0.001
0.001
0.001
0.001
0.001
0.001
0.001
0.001
0.001
0.001
0.001
0.001
0.001
0.001
0.001
0.001
0.001
0.001
0.001
0.001
0.001
0.001
0.001
0.001
0.023
0.001
0.001
0.001
0.001
0.001
0.001
0.001
0.001
0.086
0.001
0.001
0.001
0.001
0.008
0.001
0.001
0.968
0.001
0.001
0.001
0.001
0.001
0.001
0.001
0.001
0.001
0.001
0.3
0.001
0.001
0.001
0.001
0.001
0.001
0.001
0.001
0.001
0.001
0.001
0.918
0.001
0.001
0.001
0.001
0.001
0.001
0.001
0.001
0.001
0.004
0.001
0.001
0.001
0.001
0.001
0.001
0.001
0.001
0.001
0.001
0.001
0.526
0.001
0.001
0.001
0.001
0.022
0.002
0.001
0.626
0.001
0.001
0.003
0.001
0.001
0.001
0.001
0.001
0.001
0.004
0.001
0.001
0.001
0.405
0.001
0.001
0.001
0.001
0.001
0.001
0.009
0.001
0.001
0.001
0.001
0.001
0.001
0.001
0.001
0.001
0.001
0.001
0.001
0.202
0.001
0.001
0.001
0.001
0.02
0.001
0.001
0.001
0.001
0.001
0.001
0.004
0.004
0.009
0.001
0.001
0.001
0.001
0.001
0.001
0.001
0.001
0.001
0.001
0.001
0.001
0.001
0.001
0.001
0.001
0.001
0.001
0.001
0.001
0.001
0.001
0.001
0.001
0.001
0.001
0.001
0.001
0.001
0.022
0.001
0.001
0.001
0.001
0.001
0.001
0.001
0.001
0.106
0.001
0.001
0.001
0.003
0.011
0.001
0.001
0.955
0.001
0.001
0.001
0.001
0.001
0.001
0.001
0.001
0.001
0.001
0.282
0.001
0.001
0.001
0.001
0.001
0.001
0.001
0.001
0.001
0.001
0.001
0.929
0.001
0.001
0.001
0.001
0.001
0.001
0.001
0.001
0.001
0.005
0.001
0.001
0.001
0.001
0.001
0.001
0.001
0.001
0.001
0.001
0.001
0.486
0.001
0.001
0.001
0.001
0.026
0.001
0.001
0.619
0.001
0.001
0.002
0.001
0.001
0.001
0.001
0.001
0.001
0.004
0.001
0.001
0.001
0.383
0.001
0.001
0.001
0.001
0.001
0.001
0.008
0.001
0.001
0.001
0.001
0.001
0.001
0.001
0.001
0.001
0.001
0.001
0.001
0.175
0.001
0.001
0.001
0.001
0.02
0.001
0.001
0.001
0.001
0.001
0.001
0.005
0.004
0.008
0.001
0.001
0.001
0.001
0.001
0.001
0.001
0.001
0.001
0.001
0.001
0.001
0.001
0.001
0.001
0.001
0.001
0.001
0.001
0.001
0.001
0.001
0.001
0.001
0.001
0.001
0.001
0.001
0.001
0.026
0.001
0.001
0.001
0.001
0.001
0.001
0.001
0.001
0.096
0.001
0.001
0.001
0.001
0.01
0.001
0.001
0.97
0.001
0.001
0.001
0.001
0.001
0.001
0.001
0.001
0.001
0.001
0.285
0.001
0.001
0.001
0.001
0.001
0.001
0.001
0.002
0.001
0.001
0.001
0.937
0.001
0.001
0.001
0.001
0.001
0.001
0.001
0.001
0.001
0.008
0.001
0.001
0.001
0.001
0.001
0.001
0.001
0.001
0.002
0.001
0.002
0.529
0.001
0.001
0.001
0.001
0.025
0.004
0.001
0.659
0.001
0.001
0.005
0.001
0.001
0.004
0.001
0.002
0.004
0.005
0.001
0.001
0.001
0.389
0.001
0.001
0.001
0.001
0.003
0.001
0.011
0.001
0.003
0.001
0.001
0.001
0.001
0.001
0.001
0.004
0.003
0.001
0.001
0.171
0.001
0.001
0.001
0.001
0.02
0.001
0.001
0.001
0.001
0.001
0.001
0.01
0.006
0.011
0.001
0.001
0.001
0.001
0.001
0.001
0.001
0.001
0.001
0.001
0.001
0.001
0.001
0.001
0.001
0.002
0.001
0.001
0.001
0.003
0.001
0.001
0.001
0.001
0.001
0.001
0.001
0.001
0.001
0.025
0.001
0.001
0.001
0.001
0.001
0.001
0.001
0.001
0.086
0.001
0.001
0.001
0.005
0.011
0.001
0.001
0.972
0.001
0.001
0.001
0.001
0.003
0.001
0.001
0.001
0.001
0.001
0.31
0.001
0.001
0.001
0.001
0.001
0.001
0.001
0.001
0.001
0.001
0.001
0.925
0.001
0.001
0.001
0.001
0.001
0.001
0.001
0.001
0.001
0.006
0.001
0.001
0.001
0.001
0.001
0.001
0.001
0.001
0.001
0.001
0.002
0.53
0.001
0.001
0.001
0.001
0.025
0.003
0.001
0.664
0.001
0.001
0.004
0.001
0.001
0.002
0.001
0.002
0.002
0.004
0.001
0.001
0.001
0.422
0.001
0.001
0.001
0.001
0.002
0.001
0.01
0.001
0.002
0.001
0.001
0.001
0.001
0.001
0.001
0.002
0.002
0.001
0.001
0.177
0.001
0.001
0.001
0.001
0.021
0.001
0.001
0.001
0.001
0.001
0.001
0.008
0.004
0.009
0.001
0.001
0.001
0.001
0.001
0.001
0.001
0.001
0.001
0.001
0.001
0.001
0.001
0.001
0.001
0.002
0.001
0.001
0.001
0.002
0.001
0.001
0.001
0.001
0.001
0.001
0.001
0.001
0.001
0.025
0.001
0.001
0.001
0.001
0.001
0.001
0.001
0.001
0.09
0.001
0.001
0.001
0.004
0.01
0.001
0.001
0.964
0.001
0.001
0.001
0.001
0.002
0.001
0.001
0.001
0.001
0.001
0.273
0.001
0.001
0.001
0.001
0.001
0.001
0.001
0.001
0.001
0.001
0.001
0.929
0.001
0.001
0.001
0.001
0.001
0.001
0.001
0.001
0.001
0.004
0.001
0.001
0.001
0.001
0.001
0.001
0.001
0.001
0.001
0.001
0.001
0.476
0.001
0.001
0.001
0.001
0.018
0.003
0.001
0.626
0.001
0.001
0.003
0.001
0.001
0.003
0.001
0.001
0.003
0.004
0.001
0.001
0.001
0.386
0.001
0.001
0.001
0.001
0.002
0.001
0.008
0.001
0.002
0.001
0.001
0.001
0.001
0.001
0.001
0.003
0.001
0.001
0.001
0.163
0.001
0.001
0.001
0.001
0.017
0.001
0.001
0.001
0.001
0.001
0.001
0.004
0.004
0.008
0.001
0.001
0.001
0.001
0.001
0.001
0.001
0.001
0.001
0.001
0.001
0.001
0.001
0.001
0.001
0.001
0.001
0.001
0.001
0.002
0.001
0.001
0.001
0.001
0.001
0.001
0.001
0.001
0.001
0.018
0.001
0.001
0.001
0.001
0.001
0.001
0.001
0.001
0.085
0.001
0.001
0.001
0.003
0.009
0.001
0.001
0.962
0.001
0.001
0.001
0.001
0.002
0.001
0.001
0.001
0.001
0.001
0.297
0.001
0.001
0.001
0.001
0.001
0.001
0.001
0.001
0.001
0.001
0.001
0.905
0.001
0.001
0.001
0.001
0.001
0.001
0.001
0.001
0.001
0.008
0.001
0.001
0.001
0.001
0.001
0.001
0.001
0.001
0.001
0.001
0.001
0.531
0.001
0.001
0.001
0.001
0.02
0.004
0.001
0.633
0.001
0.001
0.005
0.001
0.001
0.004
0.001
0.002
0.004
0.007
0.001
0.001
0.001
0.397
0.001
0.001
0.001
0.001
0.004
0.001
0.011
0.001
0.004
0.001
0.001
0.001
0.001
0.001
0.001
0.004
0.002
0.001
0.001
0.178
0.001
0.001
0.001
0.001
0.019
0.001
0.001
0.001
0.001
0.001
0.001
0.008
0.007
0.011
0.001
0.001
0.001
0.001
0.001
0.001
0.001
0.001
0.001
0.001
0.001
0.001
0.001
0.001
0.001
0.001
0.001
0.001
0.001
0.003
0.001
0.001
0.001
0.001
0.001
0.001
0.001
0.001
0.001
0.02
0.001
0.001
0.001
0.001
0.001
0.001
0.001
0.001
0.091
0.001
0.001
0.001
0.005
0.013
0.001
0.001
0.947
0.001
0.001
0.001
0.001
0.004
0.001
0.001
0.001
0.001
0.001
0.292
0.001
0.001
0.001
0.001
0.001
0.001
0.001
0.002
0.001
0.001
0.001
0.921
0.001
0.001
0.001
0.001
0.001
0.001
0.001
0.001
0.001
0.01
0.001
0.001
0.001
0.001
0.001
0.001
0.001
0.001
0.002
0.001
0.002
0.506
0.001
0.001
0.001
0.001
0.026
0.005
0.001
0.628
0.001
0.001
0.006
0.001
0.001
0.005
0.001
0.003
0.005
0.008
0.001
0.001
0.001
0.403
0.001
0.001
0.001
0.001
0.004
0.001
0.012
0.001
0.004
0.001
0.001
0.001
0.001
0.001
0.001
0.005
0.004
0.001
0.001
0.187
0.001
0.001
0.001
0.001
0.025
0.001
0.001
0.001
0.001
0.001
0.001
0.01
0.008
0.012
0.001
0.001
0.001
0.001
0.001
0.001
0.001
0.001
0.001
0.001
0.001
0.001
0.001
0.001
0.001
0.002
0.001
0.001
0.001
0.004
0.001
0.001
0.001
0.001
0.001
0.001
0.001
0.001
0.001
0.026
0.001
0.001
0.001
0.001
0.001
0.001
0.001
0.001
0.099
0.001
0.001
0.001
0.005
0.013
0.001
0.001
0.962
0.001
0.001
0.001
0.001
0.004
0.001
0.001
0.001
0.001
0.001
0.305
0.001
0.001
0.001
0.001
0.001
0.001
0.001
0.001
0.001
0.001
0.001
0.921
0.001
0.001
0.001
0.001
0.001
0.001
0.001
0.001
0.001
0.006
0.001
0.001
0.001
0.001
0.001
0.001
0.001
0.001
0.001
0.001
0.001
0.54
0.001
0.001
0.001
0.001
0.028
0.004
0.001
0.667
0.001
0.001
0.004
0.001
0.001
0.002
0.001
0.001
0.002
0.004
0.001
0.001
0.001
0.408
0.001
0.001
0.001
0.001
0.002
0.001
0.011
0.001
0.002
0.001
0.001
0.001
0.001
0.001
0.001
0.002
0.001
0.001
0.001
0.179
0.001
0.001
0.001
0.001
0.026
0.001
0.001
0.001
0.001
0.001
0.001
0.007
0.005
0.01
0.001
0.001
0.001
0.001
0.001
0.001
0.001
0.001
0.001
0.001
0.001
0.001
0.001
0.001
0.001
0.001
0.001
0.001
0.001
0.002
0.001
0.001
0.001
0.001
0.001
0.001
0.001
0.001
0.001
0.028
0.001
0.001
0.001
0.001
0.001
0.001
0.001
0.001
0.095
0.001
0.001
0.001
0.004
0.012
0.001
0.001
0.958
0.001
0.001
0.001
0.001
0.002
0.001
0.001
0.001
0.001
0.001
0.308
0.001
0.001
0.001
0.001
0.001
0.001
0.001
0.001
0.001
0.001
0.001
0.926
0.001
0.001
0.001
0.001
0.001
0.001
0.001
0.001
0.001
0.004
0.001
0.001
0.001
0.001
0.001
0.001
0.001
0.001
0.002
0.001
0.002
0.531
0.001
0.001
0.001
0.001
0.019
0.003
0.001
0.653
0.001
0.001
0.003
0.001
0.001
0.002
0.001
0.002
0.002
0.003
0.001
0.001
0.001
0.399
0.001
0.001
0.001
0.001
0.002
0.001
0.006
0.001
0.002
0.001
0.001
0.001
0.001
0.001
0.001
0.002
0.002
0.001
0.001
0.168
0.001
0.001
0.001
0.001
0.017
0.001
0.001
0.001
0.001
0.001
0.001
0.004
0.004
0.005
0.001
0.001
0.001
0.001
0.001
0.001
0.001
0.001
0.001
0.001
0.001
0.001
0.001
0.001
0.001
0.002
0.001
0.001
0.001
0.002
0.001
0.001
0.001
0.001
0.001
0.001
0.001
0.001
0.001
0.019
0.001
0.001
0.001
0.001
0.001
0.001
0.001
0.001
0.09
0.001
0.001
0.001
0.003
0.006
0.001
0.001
0.966
0.001
0.001
0.001
0.001
0.002
0.001
0.001
0.001
0.001
0.001
0.293
0.001
0.001
0.001
0.001
0.001
0.001
0.001
0.001
0.001
0.001
0.001
0.929
0.001
0.001
0.001
0.001
0.001
0.001
0.001
0.001
0.001
0.004
0.001
0.001
0.001
0.001
0.001
0.001
0.001
0.001
0.001
0.001
0.001
0.495
0.001
0.001
0.001
0.001
0.018
0.002
0.001
0.614
0.001
0.001
0.003
0.001
0.001
0.001
0.001
0.001
0.002
0.003
0.001
0.001
0.001
0.391
0.001
0.001
0.001
0.001
0.001
0.001
0.006
0.001
0.001
0.001
0.001
0.001
0.001
0.001
0.001
0.002
0.001
0.001
0.001
0.167
0.001
0.001
0.001
0.001
0.017
0.001
0.001
0.001
0.001
0.001
0.001
0.004
0.003
0.005
0.001
0.001
0.001
0.001
0.001
0.001
0.001
0.001
0.001
0.001
0.001
0.001
0.001
0.001
0.001
0.001
0.001
0.001
0.001
0.001
0.001
0.001
0.001
0.001
0.001
0.001
0.001
0.001
0.001
0.018
0.001
0.001
0.001
0.001
0.001
0.001
0.001
0.001
0.098
0.001
0.001
0.001
0.003
0.008
0.001
0.001
0.968
0.001
0.001
0.001
0.001
0.001
0.001
0.001
0.001
0.001
0.001
0.287
0.001
0.001
0.001
0.001
0.001
0.001
0.001
0.002
0.001
0.001
0.001
0.924
0.001
0.001
0.001
0.001
0.001
0.001
0.001
0.001
0.001
0.007
0.001
0.001
0.001
0.001
0.001
0.001
0.001
0.001
0.002
0.001
0.002
0.529
0.001
0.001
0.001
0.001
0.026
0.005
0.001
0.648
0.001
0.001
0.005
0.001
0.001
0.003
0.001
0.002
0.003
0.005
0.001
0.001
0.001
0.401
0.001
0.001
0.001
0.001
0.003
0.001
0.009
0.001
0.003
0.001
0.001
0.001
0.001
0.001
0.001
0.003
0.003
0.001
0.001
0.171
0.001
0.001
0.001
0.001
0.024
0.001
0.001
0.001
0.001
0.001
0.001
0.007
0.005
0.009
0.001
0.001
0.001
0.001
0.001
0.001
0.001
0.001
0.001
0.001
0.001
0.001
0.001
0.001
0.001
0.002
0.001
0.001
0.001
0.003
0.001
0.001
0.001
0.001
0.001
0.001
0.001
0.001
0.001
0.026
0.001
0.001
0.001
0.001
0.001
0.001
0.001
0.001
0.096
0.001
0.001
0.001
0.005
0.012
0.001
0.001
0.957
0.001
0.001
0.001
0.001
0.003
0.001
0.001
0.001
0.001
0.001
0.302
0.001
0.001
0.001
0.001
0.001
0.001
0.001
0.001
0.001
0.001
0.001
0.935
0.001
0.001
0.001
0.001
0.001
0.001
0.001
0.001
0.001
0.007
0.001
0.001
0.001
0.001
0.001
0.001
0.001
0.001
0.001
0.001
0.001
0.524
0.001
0.001
0.001
0.001
0.032
0.001
0.001
0.647
0.001
0.001
0.002
0.001
0.001
0.001
0.001
0.001
0.001
0.004
0.001
0.001
0.001
0.407
0.001
0.001
0.001
0.001
0.001
0.001
0.011
0.001
0.001
0.001
0.001
0.001
0.001
0.001
0.001
0.001
0.001
0.001
0.001
0.189
0.001
0.001
0.001
0.001
0.029
0.001
0.001
0.001
0.001
0.001
0.001
0.007
0.004
0.011
0.001
0.001
0.001
0.001
0.001
0.001
0.001
0.001
0.001
0.001
0.001
0.001
0.001
0.001
0.001
0.001
0.001
0.001
0.001
0.001
0.001
0.001
0.001
0.001
0.001
0.001
0.001
0.001
0.001
0.032
0.001
0.001
0.001
0.001
0.001
0.001
0.001
0.001
0.108
0.001
0.001
0.001
0.002
0.011
0.001
0.001
0.965
0.001
0.001
0.001
0.001
0.001
0.001
0.001
0.001
0.001
0.001
0.279
0.001
0.001
0.001
0.001
0.001
0.001
0.001
0.001
0.001
0.001
0.001
0.928
0.001
0.001
0.001
0.001
0.001
0.001
0.001
0.001
0.001
0.007
0.001
0.001
0.001
0.001
0.001
0.001
0.001
0.001
0.001
0.001
0.001
0.531
0.001
0.001
0.001
0.001
0.022
0.003
0.001
0.67
0.001
0.001
0.004
0.001
0.001
0.002
0.001
0.002
0.003
0.005
0.001
0.001
0.001
0.388
0.001
0.001
0.001
0.001
0.002
0.001
0.009
0.001
0.002
0.001
0.001
0.001
0.001
0.001
0.001
0.003
0.002
0.001
0.001
0.165
0.001
0.001
0.001
0.001
0.022
0.001
0.001
0.001
0.001
0.001
0.001
0.007
0.005
0.009
0.001
0.001
0.001
0.001
0.001
0.001
0.001
0.001
0.001
0.001
0.001
0.001
0.001
0.001
0.001
0.002
0.001
0.001
0.001
0.002
0.001
0.001
0.001
0.001
0.001
0.001
0.001
0.001
0.001
0.022
0.001
0.001
0.001
0.001
0.001
0.001
0.001
0.001
0.086
0.001
0.001
0.001
0.004
0.01
0.001
0.001
0.967
0.001
0.001
0.001
0.001
0.002
0.001
0.001
0.001
0.001
0.001
0.32
0.001
0.001
0.001
0.001
0.001
0.001
0.001
0.001
0.001
0.001
0.001
0.93
0.001
0.001
0.001
0.001
0.001
0.001
0.001
0.001
0.001
0.004
0.001
0.001
0.001
0.001
0.001
0.001
0.001
0.001
0.001
0.001
0.001
0.528
0.001
0.001
0.001
0.001
0.023
0.002
0.001
0.661
0.001
0.001
0.002
0.001
0.001
0.002
0.001
0.001
0.002
0.002
0.001
0.001
0.001
0.416
0.001
0.001
0.001
0.001
0.001
0.001
0.004
0.001
0.001
0.001
0.001
0.001
0.001
0.001
0.001
0.002
0.001
0.001
0.001
0.186
0.001
0.001
0.001
0.001
0.021
0.001
0.001
0.001
0.001
0.001
0.001
0.004
0.002
0.004
0.001
0.001
0.001
0.001
0.001
0.001
0.001
0.001
0.001
0.001
0.001
0.001
0.001
0.001
0.001
0.001
0.001
0.001
0.001
0.001
0.001
0.001
0.001
0.001
0.001
0.001
0.001
0.001
0.001
0.023
0.001
0.001
0.001
0.001
0.001
0.001
0.001
0.001
0.096
0.001
0.001
0.001
0.002
0.005
0.001
0.001
0.966
0.001
0.001
0.001
0.001
0.001
0.001
0.001
0.001
0.001
0.001
0.293
0.001
0.001
0.001
0.001
0.001
0.001
0.001
0.001
0.001
0.001
0.001
0.931
0.001
0.001
0.001
0.001
0.001
0.001
0.001
0.001
0.001
0.005
0.001
0.001
0.001
0.001
0.001
0.001
0.001
0.001
0.002
0.001
0.002
0.53
0.001
0.001
0.001
0.001
0.015
0.003
0.001
0.68
0.001
0.001
0.003
0.001
0.001
0.003
0.001
0.002
0.003
0.004
0.001
0.001
0.001
0.393
0.001
0.001
0.001
0.001
0.003
0.001
0.006
0.001
0.003
0.001
0.001
0.001
0.001
0.001
0.001
0.003
0.002
0.001
0.001
0.178
0.001
0.001
0.001
0.001
0.015
0.001
0.001
0.001
0.001
0.001
0.001
0.005
0.005
0.006
0.001
0.001
0.001
0.001
0.001
0.001
0.001
0.001
0.001
0.001
0.001
0.001
0.001
0.001
0.001
0.002
0.001
0.001
0.001
0.003
0.001
0.001
0.001
0.001
0.001
0.001
0.001
0.001
0.001
0.015
0.001
0.001
0.001
0.001
0.001
0.001
0.001
0.001
0.084
0.001
0.001
0.001
0.003
0.006
0.001
0.001
0.958
0.001
0.001
0.001
0.001
0.003
0.001
0.001
0.001
0.001
0.001
0.298
0.001
0.001
0.001
0.001
0.001
0.001
0.001
0.001
0.001
0.001
0.001
0.925
0.001
0.001
0.001
0.001
0.001
0.001
0.001
0.001
0.001
0.003
0.001
0.001
0.001
0.001
0.001
0.001
0.001
0.001
0.001
0.001
0.001
0.524
0.001
0.001
0.001
0.001
0.016
0.002
0.001
0.64
0.001
0.001
0.002
0.001
0.001
0.001
0.001
0.001
0.001
0.002
0.001
0.001
0.001
0.399
0.001
0.001
0.001
0.001
0.001
0.001
0.004
0.001
0.001
0.001
0.001
0.001
0.001
0.001
0.001
0.001
0.001
0.001
0.001
0.169
0.001
0.001
0.001
0.001
0.014
0.001
0.001
0.001
0.001
0.001
0.001
0.003
0.003
0.003
0.001
0.001
0.001
0.001
0.001
0.001
0.001
0.001
0.001
0.001
0.001
0.001
0.001
0.001
0.001
0.001
0.001
0.001
0.001
0.001
0.001
0.001
0.001
0.001
0.001
0.001
0.001
0.001
0.001
0.016
0.001
0.001
0.001
0.001
0.001
0.001
0.001
0.001
0.078
0.001
0.001
0.001
0.002
0.005
0.001
0.001
0.964
0.001
0.001
0.001
0.001
0.001
0.001
0.001
0.001
0.001
0.001
0.281
0.001
0.001
0.001
0.001
0.001
0.001
0.001
0.001
0.001
0.001
0.001
0.933
0.001
0.001
0.001
0.001
0.001
0.001
0.001
0.001
0.001
0.004
0.001
0.001
0.001
0.001
0.001
0.001
0.001
0.001
0.001
0.001
0.001
0.492
0.001
0.001
0.001
0.001
0.021
0.004
0.001
0.635
0.001
0.001
0.004
0.001
0.001
0.003
0.001
0.001
0.003
0.004
0.001
0.001
0.001
0.365
0.001
0.001
0.001
0.001
0.002
0.001
0.007
0.001
0.002
0.001
0.001
0.001
0.001
0.001
0.001
0.003
0.001
0.001
0.001
0.166
0.001
0.001
0.001
0.001
0.019
0.001
0.001
0.001
0.001
0.001
0.001
0.004
0.004
0.007
0.001
0.001
0.001
0.001
0.001
0.001
0.001
0.001
0.001
0.001
0.001
0.001
0.001
0.001
0.001
0.001
0.001
0.001
0.001
0.002
0.001
0.001
0.001
0.001
0.001
0.001
0.001
0.001
0.001
0.021
0.001
0.001
0.001
0.001
0.001
0.001
0.001
0.001
0.086
0.001
0.001
0.001
0.004
0.009
0.001
0.001
0.974
0.001
0.001
0.001
0.001
0.002
0.001
0.001
0.001
0.001
0.001
0.256
0.001
0.001
0.001
0.001
0.001
0.001
0.001
0.003
0.001
0.001
0.001
0.922
0.001
0.001
0.001
0.001
0.001
0.001
0.001
0.001
0.001
0.01
0.001
0.001
0.001
0.001
0.001
0.001
0.001
0.001
0.003
0.001
0.003
0.515
0.001
0.001
0.001
0.001
0.019
0.004
0.001
0.638
0.001
0.001
0.005
0.001
0.001
0.003
0.001
0.003
0.003
0.007
0.001
0.001
0.001
0.381
0.001
0.001
0.001
0.001
0.003
0.001
0.012
0.001
0.003
0.001
0.001
0.001
0.001
0.001
0.001
0.004
0.003
0.001
0.001
0.152
0.001
0.001
0.001
0.001
0.016
0.001
0.001
0.001
0.001
0.001
0.001
0.01
0.009
0.012
0.001
0.001
0.001
0.001
0.001
0.001
0.001
0.001
0.001
0.001
0.001
0.001
0.001
0.001
0.001
0.003
0.001
0.001
0.001
0.003
0.001
0.001
0.001
0.001
0.001
0.001
0.001
0.001
0.001
0.019
0.001
0.001
0.001
0.001
0.001
0.001
0.001
0.001
0.078
0.001
0.001
0.001
0.005
0.012
0.001
0.001
0.962
0.001
0.001
0.001
0.001
0.003
0.001
0.001
0.001
0.001
0.001
0.285
0.001
0.001
0.001
0.001
0.001
0.001
0.001
0.001
0.001
0.001
0.001
0.922
0.001
0.001
0.001
0.001
0.001
0.001
0.001
0.001
0.001
0.005
0.001
0.001
0.001
0.001
0.001
0.001
0.001
0.001
0.001
0.001
0.001
0.527
0.001
0.001
0.001
0.001
0.022
0.002
0.001
0.645
0.001
0.001
0.002
0.001
0.001
0.002
0.001
0.001
0.002
0.002
0.001
0.001
0.001
0.409
0.001
0.001
0.001
0.001
0.002
0.001
0.009
0.001
0.002
0.001
0.001
0.001
0.001
0.001
0.001
0.002
0.001
0.001
0.001
0.175
0.001
0.001
0.001
0.001
0.019
0.001
0.001
0.001
0.001
0.001
0.001
0.005
0.002
0.009
0.001
0.001
0.001
0.001
0.001
0.001
0.001
0.001
0.001
0.001
0.001
0.001
0.001
0.001
0.001
0.001
0.001
0.001
0.001
0.002
0.001
0.001
0.001
0.001
0.001
0.001
0.001
0.001
0.001
0.022
0.001
0.001
0.001
0.001
0.001
0.001
0.001
0.001
0.088
0.001
0.001
0.001
0.002
0.011
0.001
0.001
0.957
0.001
0.001
0.001
0.001
0.002
0.001
0.001
0.001
0.001
0.001
0.285
0.001
0.001
0.001
0.001
0.001
0.001
0.001
0.001
0.001
0.001
0.001
0.936
0.001
0.001
0.001
0.001
0.001
0.001
0.001
0.001
0.001
0.006
0.001
0.001
0.001
0.001
0.001
0.001
0.001
0.001
0.001
0.001
0.001
0.514
0.001
0.001
0.001
0.001
0.024
0.003
0.001
0.654
0.001
0.001
0.004
0.001
0.001
0.002
0.001
0.001
0.003
0.004
0.001
0.001
0.001
0.399
0.001
0.001
0.001
0.001
0.001
0.001
0.007
0.001
0.001
0.001
0.001
0.001
0.001
0.001
0.001
0.003
0.001
0.001
0.001
0.167
0.001
0.001
0.001
0.001
0.02
0.001
0.001
0.001
0.001
0.001
0.001
0.006
0.004
0.007
0.001
0.001
0.001
0.001
0.001
0.001
0.001
0.001
0.001
0.001
0.001
0.001
0.001
0.001
0.001
0.001
0.001
0.001
0.001
0.001
0.001
0.001
0.001
0.001
0.001
0.001
0.001
0.001
0.001
0.024
0.001
0.001
0.001
0.001
0.001
0.001
0.001
0.001
0.085
0.001
0.001
0.001
0.004
0.007
0.001
0.001
0.973
0.001
0.001
0.001
0.001
0.001
0.001
0.001
0.001
0.001
0.001
0.263
0.001
0.001
0.001
0.001
0.001
0.001
0.001
0.001
0.001
0.001
0.001
0.913
0.001
0.001
0.001
0.001
0.001
0.001
0.001
0.001
0.001
0.003
0.001
0.001
0.001
0.001
0.001
0.001
0.001
0.001
0.001
0.001
0.001
0.477
0.001
0.001
0.001
0.001
0.016
0.001
0.001
0.613
0.001
0.001
0.002
0.001
0.001
0.001
0.001
0.001
0.001
0.002
0.001
0.001
0.001
0.361
0.001
0.001
0.001
0.001
0.001
0.001
0.005
0.001
0.001
0.001
0.001
0.001
0.001
0.001
0.001
0.001
0.001
0.001
0.001
0.158
0.001
0.001
0.001
0.001
0.012
0.001
0.001
0.001
0.001
0.001
0.001
0.003
0.002
0.005
0.001
0.001
0.001
0.001
0.001
0.001
0.001
0.001
0.001
0.001
0.001
0.001
0.001
0.001
0.001
0.001
0.001
0.001
0.001
0.001
0.001
0.001
0.001
0.001
0.001
0.001
0.001
0.001
0.001
0.016
0.001
0.001
0.001
0.001
0.001
0.001
0.001
0.001
0.087
0.001
0.001
0.001
0.001
0.005
0.001
0.001
0.962
0.001
0.001
0.001
0.001
0.001
0.001
0.001
0.001
0.001
0.001
0.299
0.001
0.001
0.001
0.001
0.001
0.001
0.001
0.001
0.001
0.001
0.001
0.941
0.001
0.001
0.001
0.001
0.001
0.001
0.001
0.001
0.001
0.008
0.001
0.001
0.001
0.001
0.001
0.001
0.001
0.001
0.001
0.001
0.001
0.526
0.001
0.001
0.001
0.001
0.022
0.003
0.001
0.65
0.001
0.001
0.003
0.001
0.001
0.002
0.001
0.001
0.003
0.004
0.001
0.001
0.001
0.402
0.001
0.001
0.001
0.001
0.001
0.001
0.009
0.001
0.001
0.001
0.001
0.001
0.001
0.001
0.001
0.003
0.001
0.001
0.001
0.188
0.001
0.001
0.001
0.001
0.018
0.001
0.001
0.001
0.001
0.001
0.001
0.008
0.005
0.009
0.001
0.001
0.001
0.001
0.001
0.001
0.001
0.001
0.001
0.001
0.001
0.001
0.001
0.001
0.001
0.001
0.001
0.001
0.001
0.001
0.001
0.001
0.001
0.001
0.001
0.001
0.001
0.001
0.001
0.022
0.001
0.001
0.001
0.001
0.001
0.001
0.001
0.001
0.104
0.001
0.001
0.001
0.003
0.009
0.001
0.001
0.974
0.001
0.001
0.001
0.001
0.001
0.001
0.001
0.001
0.001
0.001
0.31
0.001
0.001
0.001
0.001
0.001
0.001
0.001
0.001
0.001
0.001
0.001
0.913
0.001
0.001
0.001
0.001
0.001
0.001
0.001
0.001
0.001
0.004
0.001
0.001
0.001
0.001
0.001
0.001
0.001
0.001
0.001
0.001
0.001
0.535
0.001
0.001
0.001
0.001
0.024
0.002
0.001
0.655
0.001
0.001
0.003
0.001
0.001
0.001
0.001
0.001
0.001
0.003
0.001
0.001
0.001
0.418
0.001
0.001
0.001
0.001
0.001
0.001
0.006
0.001
0.001
0.001
0.001
0.001
0.001
0.001
0.001
0.001
0.001
0.001
0.001
0.191
0.001
0.001
0.001
0.001
0.019
0.001
0.001
0.001
0.001
0.001
0.001
0.004
0.004
0.005
0.001
0.001
0.001
0.001
0.001
0.001
0.001
0.001
0.001
0.001
0.001
0.001
0.001
0.001
0.001
0.001
0.001
0.001
0.001
0.001
0.001
0.001
0.001
0.001
0.001
0.001
0.001
0.001
0.001
0.024
0.001
0.001
0.001
0.001
0.001
0.001
0.001
0.001
0.104
0.001
0.001
0.001
0.003
0.007
0.001
0.001
0.965
0.001
0.001
0.001
0.001
0.001
0.001
0.001
0.001
0.001
0.001
0.301
0.001
0.001
0.001
0.001
0.001
0.001
0.001
0.002
0.001
0.001
0.001
0.918
0.001
0.001
0.001
0.001
0.001
0.001
0.001
0.001
0.001
0.007
0.001
0.001
0.001
0.001
0.001
0.001
0.001
0.001
0.002
0.001
0.002
0.524
0.001
0.001
0.001
0.001
0.019
0.005
0.001
0.655
0.001
0.001
0.006
0.001
0.001
0.004
0.001
0.002
0.004
0.007
0.001
0.001
0.001
0.401
0.001
0.001
0.001
0.001
0.004
0.001
0.008
0.001
0.004
0.001
0.001
0.001
0.001
0.001
0.001
0.004
0.002
0.001
0.001
0.187
0.001
0.001
0.001
0.001
0.019
0.001
0.001
0.001
0.001
0.001
0.001
0.007
0.007
0.008
0.001
0.001
0.001
0.001
0.001
0.001
0.001
0.001
0.001
0.001
0.001
0.001
0.001
0.001
0.001
0.002
0.001
0.001
0.001
0.004
0.001
0.001
0.001
0.001
0.001
0.001
0.001
0.001
0.001
0.019
0.001
0.001
0.001
0.001
0.001
0.001
0.001
0.001
0.102
0.001
0.001
0.001
0.006
0.01
0.001
0.001
0.965
0.001
0.001
0.001
0.001
0.004
0.001
0.001
0.001
0.001
0.001
0.277
0.001
0.001
0.001
0.001
0.001
0.001
0.001
0.001
0.001
0.001
0.001
0.926
0.001
0.001
0.001
0.001
0.001
0.001
0.001
0.001
0.001
0.004
0.001
0.001
0.001
0.001
0.001
0.001
0.001
0.001
0.001
0.001
0.001
0.504
0.001
0.001
0.001
0.001
0.018
0.001
0.001
0.636
0.001
0.001
0.001
0.001
0.001
0.001
0.001
0.001
0.001
0.002
0.001
0.001
0.001
0.365
0.001
0.001
0.001
0.001
0.001
0.001
0.005
0.001
0.001
0.001
0.001
0.001
0.001
0.001
0.001
0.001
0.001
0.001
0.001
0.166
0.001
0.001
0.001
0.001
0.015
0.001
0.001
0.001
0.001
0.001
0.001
0.005
0.002
0.005
0.001
0.001
0.001
0.001
0.001
0.001
0.001
0.001
0.001
0.001
0.001
0.001
0.001
0.001
0.001
0.001
0.001
0.001
0.001
0.001
0.001
0.001
0.001
0.001
0.001
0.001
0.001
0.001
0.001
0.018
0.001
0.001
0.001
0.001
0.001
0.001
0.001
0.001
0.088
0.001
0.001
0.001
0.001
0.005
0.001
0.001
0.964
0.001
0.001
0.001
0.001
0.001
0.001
0.001
0.001
0.001
0.001
0.305
0.001
0.001
0.001
0.001
0.001
0.001
0.001
0.001
0.001
0.001
0.001
0.929
0.001
0.001
0.001
0.001
0.001
0.001
0.001
0.001
0.001
0.007
0.001
0.001
0.001
0.001
0.001
0.001
0.001
0.001
0.001
0.001
0.001
0.539
0.001
0.001
0.001
0.001
0.021
0.004
0.001
0.66
0.001
0.001
0.004
0.001
0.001
0.004
0.001
0.001
0.004
0.004
0.001
0.001
0.001
0.407
0.001
0.001
0.001
0.001
0.003
0.001
0.009
0.001
0.003
0.001
0.001
0.001
0.001
0.001
0.001
0.004
0.002
0.001
0.001
0.176
0.001
0.001
0.001
0.001
0.017
0.001
0.001
0.001
0.001
0.001
0.001
0.007
0.004
0.009
0.001
0.001
0.001
0.001
0.001
0.001
0.001
0.001
0.001
0.001
0.001
0.001
0.001
0.001
0.001
0.001
0.001
0.001
0.001
0.003
0.001
0.001
0.001
0.001
0.001
0.001
0.001
0.001
0.001
0.021
0.001
0.001
0.001
0.001
0.001
0.001
0.001
0.001
0.101
0.001
0.001
0.001
0.004
0.01
0.001
0.001
0.967
0.001
0.001
0.001
0.001
0.003
0.001
0.001
0.001
0.001
0.001
0.301
0.001
0.001
0.001
0.001
0.001
0.001
0.001
0.001
0.001
0.001
0.001
0.925
0.001
0.001
0.001
0.001
0.001
0.001
0.001
0.001
0.001
0.007
0.001
0.001
0.001
0.001
0.001
0.001
0.001
0.001
0.001
0.001
0.002
0.517
0.001
0.001
0.001
0.001
0.024
0.003
0.001
0.634
0.001
0.001
0.005
0.001
0.001
0.002
0.001
0.002
0.002
0.007
0.001
0.001
0.001
0.401
0.001
0.001
0.001
0.001
0.002
0.001
0.01
0.001
0.002
0.001
0.001
0.001
0.001
0.001
0.001
0.002
0.002
0.001
0.001
0.178
0.001
0.001
0.001
0.001
0.02
0.001
0.001
0.001
0.001
0.001
0.001
0.007
0.007
0.01
0.001
0.001
0.001
0.001
0.001
0.001
0.001
0.001
0.001
0.001
0.001
0.001
0.001
0.001
0.001
0.002
0.001
0.001
0.001
0.002
0.001
0.001
0.001
0.001
0.001
0.001
0.001
0.001
0.001
0.024
0.001
0.001
0.001
0.001
0.001
0.001
0.001
0.001
0.101
0.001
0.001
0.001
0.004
0.011
0.001
0.001
0.964
0.001
0.001
0.001
0.001
0.002
0.001
0.001
0.001
0.001
0.001
0.28
0.001
0.001
0.001
0.001
0.001
0.001
0.001
0.002
0.001
0.001
0.001
0.925
0.001
0.001
0.001
0.001
0.001
0.001
0.001
0.001
0.001
0.006
0.001
0.001
0.001
0.001
0.001
0.001
0.001
0.001
0.002
0.001
0.002
0.505
0.001
0.001
0.001
0.001
0.015
0.006
0.001
0.633
0.001
0.001
0.006
0.001
0.001
0.005
0.001
0.002
0.006
0.006
0.001
0.001
0.001
0.374
0.001
0.001
0.001
0.001
0.005
0.001
0.007
0.001
0.004
0.001
0.001
0.001
0.001
0.002
0.001
0.006
0.003
0.001
0.001
0.153
0.001
0.001
0.001
0.001
0.014
0.001
0.001
0.001
0.001
0.001
0.001
0.006
0.006
0.007
0.001
0.001
0.001
0.001
0.001
0.001
0.001
0.001
0.001
0.001
0.002
0.001
0.001
0.001
0.001
0.002
0.001
0.001
0.001
0.004
0.001
0.001
0.001
0.001
0.001
0.001
0.001
0.001
0.001
0.015
0.001
0.001
0.001
0.001
0.001
0.001
0.001
0.001
0.073
0.001
0.001
0.001
0.006
0.007
0.001
0.001
0.966
0.001
0.001
0.001
0.001
0.004
0.001
0.001
0.001
0.001
0.001
0.281
0.001
0.001
0.001
0.001
0.001
0.001
0.001
0.001
0.001
0.001
0.001
0.924
0.001
0.001
0.001
0.001
0.001
0.001
0.001
0.001
0.001
0.006
0.001
0.001
0.001
0.001
0.001
0.001
0.001
0.001
0.001
0.001
0.001
0.505
0.001
0.001
0.001
0.001
0.021
0.002
0.001
0.625
0.001
0.001
0.004
0.001
0.001
0.002
0.001
0.001
0.002
0.004
0.001
0.001
0.001
0.395
0.001
0.001
0.001
0.001
0.001
0.001
0.013
0.001
0.001
0.001
0.001
0.001
0.001
0.001
0.001
0.002
0.001
0.001
0.001
0.181
0.001
0.001
0.001
0.001
0.021
0.001
0.001
0.001
0.001
0.001
0.001
0.006
0.004
0.012
0.001
0.001
0.001
0.001
0.001
0.001
0.001
0.001
0.001
0.001
0.001
0.001
0.001
0.001
0.001
0.001
0.001
0.001
0.001
0.001
0.001
0.001
0.001
0.001
0.001
0.001
0.001
0.001
0.001
0.021
0.001
0.001
0.001
0.001
0.001
0.001
0.001
0.001
0.096
0.001
0.001
0.001
0.004
0.013
0.001
0.001
0.965
0.001
0.001
0.001
0.001
0.001
0.001
0.001
0.001
0.001
0.001
0.304
0.001
0.001
0.001
0.001
0.001
0.001
0.001
0.001
0.001
0.001
0.001
0.92
0.001
0.001
0.001
0.001
0.001
0.001
0.001
0.001
0.001
0.01
0.001
0.001
0.001
0.001
0.001
0.001
0.001
0.001
0.002
0.001
0.002
0.547
0.001
0.001
0.001
0.001
0.03
0.007
0.001
0.663
0.001
0.001
0.009
0.001
0.001
0.007
0.001
0.002
0.007
0.01
0.001
0.001
0.001
0.424
0.001
0.001
0.001
0.001
0.005
0.001
0.013
0.001
0.004
0.001
0.001
0.001
0.001
0.001
0.001
0.007
0.003
0.001
0.001
0.201
0.001
0.001
0.001
0.001
0.026
0.001
0.001
0.001
0.001
0.001
0.001
0.01
0.01
0.013
0.001
0.001
0.001
0.001
0.001
0.001
0.001
0.001
0.001
0.001
0.001
0.001
0.001
0.001
0.001
0.002
0.001
0.001
0.001
0.004
0.001
0.001
0.001
0.001
0.001
0.001
0.001
0.001
0.001
0.03
0.001
0.001
0.001
0.001
0.001
0.001
0.001
0.001
0.116
0.001
0.001
0.001
0.009
0.015
0.001
0.001
0.96
0.001
0.001
0.001
0.001
0.004
0.001
0.001
0.001
0.001
0.001
0.294
0.001
0.001
0.001
0.001
0.001
0.001
0.001
0.002
0.001
0.001
0.001
0.929
0.001
0.001
0.001
0.001
0.001
0.001
0.001
0.001
0.001
0.01
0.001
0.001
0.001
0.001
0.001
0.001
0.001
0.001
0.002
0.001
0.002
0.535
0.001
0.001
0.001
0.001
0.026
0.007
0.001
0.654
0.001
0.001
0.009
0.001
0.001
0.004
0.001
0.002
0.006
0.01
0.001
0.001
0.001
0.405
0.001
0.001
0.001
0.001
0.004
0.001
0.014
0.001
0.004
0.001
0.001
0.001
0.001
0.002
0.001
0.006
0.003
0.001
0.001
0.18
0.001
0.001
0.001
0.001
0.024
0.001
0.001
0.001
0.001
0.001
0.001
0.01
0.01
0.013
0.001
0.001
0.001
0.001
0.001
0.001
0.001
0.001
0.001
0.001
0.002
0.001
0.001
0.001
0.001
0.002
0.001
0.001
0.001
0.004
0.001
0.001
0.001
0.001
0.001
0.001
0.001
0.001
0.001
0.026
0.001
0.001
0.001
0.001
0.001
0.001
0.001
0.001
0.103
0.001
0.001
0.001
0.009
0.014
0.001
0.001
0.962
0.001
0.001
0.001
0.001
0.004
0.001
0.001
0.001
0.001
0.001
0.294
0.001
0.001
0.001
0.001
0.001
0.001
0.001
0.003
0.001
0.001
0.001
0.922
0.001
0.001
0.001
0.001
0.001
0.001
0.001
0.001
0.001
0.012
0.001
0.001
0.001
0.001
0.001
0.001
0.001
0.001
0.003
0.001
0.003
0.525
0.001
0.001
0.001
0.001
0.033
0.006
0.001
0.643
0.001
0.001
0.008
0.001
0.001
0.004
0.001
0.003
0.006
0.009
0.001
0.001
0.001
0.393
0.001
0.001
0.001
0.001
0.003
0.001
0.014
0.001
0.003
0.001
0.001
0.001
0.001
0.003
0.001
0.006
0.003
0.001
0.001
0.179
0.001
0.001
0.001
0.001
0.031
0.001
0.001
0.001
0.001
0.001
0.001
0.012
0.01
0.014
0.001
0.001
0.001
0.001
0.001
0.001
0.001
0.001
0.001
0.001
0.003
0.001
0.001
0.001
0.001
0.003
0.001
0.001
0.001
0.003
0.001
0.001
0.001
0.001
0.001
0.001
0.001
0.001
0.001
0.033
0.001
0.001
0.001
0.001
0.001
0.001
0.001
0.001
0.101
0.001
0.001
0.001
0.007
0.014
0.001
0.001
0.952
0.001
0.001
0.001
0.001
0.003
0.001
0.001
0.001
0.001
0.001
0.286
0.001
0.001
0.001
0.001
0.001
0.001
0.001
0.001
0.001
0.001
0.001
0.915
0.001
0.001
0.001
0.001
0.001
0.001
0.001
0.001
0.001
0.006
0.001
0.001
0.001
0.001
0.001
0.001
0.001
0.001
0.001
0.001
0.001
0.517
0.001
0.001
0.001
0.001
0.013
0.003
0.001
0.632
0.001
0.001
0.004
0.001
0.001
0.002
0.001
0.001
0.003
0.004
0.001
0.001
0.001
0.384
0.001
0.001
0.001
0.001
0.002
0.001
0.008
0.001
0.002
0.001
0.001
0.001
0.001
0.001
0.001
0.003
0.002
0.001
0.001
0.163
0.001
0.001
0.001
0.001
0.012
0.001
0.001
0.001
0.001
0.001
0.001
0.006
0.004
0.008
0.001
0.001
0.001
0.001
0.001
0.001
0.001
0.001
0.001
0.001
0.001
0.001
0.001
0.001
0.001
0.001
0.001
0.001
0.001
0.002
0.001
0.001
0.001
0.001
0.001
0.001
0.001
0.001
0.001
0.013
0.001
0.001
0.001
0.001
0.001
0.001
0.001
0.001
0.087
0.001
0.001
0.001
0.004
0.009
0.001
0.001
0.953
0.001
0.001
0.001
0.001
0.002
0.001
0.001
0.001
0.001
0.001
0.276
0.001
0.001
0.001
0.001
0.001
0.001
0.001
0.001
0.001
0.001
0.001
0.929
0.001
0.001
0.001
0.001
0.001
0.001
0.001
0.001
0.001
0.008
0.001
0.001
0.001
0.001
0.001
0.001
0.001
0.001
0.001
0.001
0.001
0.542
0.001
0.001
0.001
0.001
0.027
0.003
0.001
0.678
0.001
0.001
0.004
0.001
0.001
0.002
0.001
0.001
0.002
0.004
0.001
0.001
0.001
0.384
0.001
0.001
0.001
0.001
0.002
0.001
0.014
0.001
0.001
0.001
0.001
0.001
0.001
0.001
0.001
0.002
0.001
0.001
0.001
0.17
0.001
0.001
0.001
0.001
0.025
0.001
0.001
0.001
0.001
0.001
0.001
0.008
0.005
0.014
0.001
0.001
0.001
0.001
0.001
0.001
0.001
0.001
0.001
0.001
0.001
0.001
0.001
0.001
0.001
0.001
0.001
0.001
0.001
0.001
0.001
0.001
0.001
0.001
0.001
0.001
0.001
0.001
0.001
0.027
0.001
0.001
0.001
0.001
0.001
0.001
0.001
0.001
0.086
0.001
0.001
0.001
0.003
0.014
0.001
0.001
0.968
0.001
0.001
0.001
0.001
0.001
0.001
0.001
0.001
0.001
0.001
0.284
0.001
0.001
0.001
0.001
0.001
0.001
0.001
0.002
0.001
0.001
0.001
0.931
0.001
0.001
0.001
0.001
0.001
0.001
0.001
0.001
0.001
0.008
0.001
0.001
0.001
0.001
0.001
0.001
0.001
0.001
0.002
0.001
0.002
0.527
0.001
0.001
0.001
0.001
0.023
0.005
0.001
0.656
0.001
0.001
0.005
0.001
0.001
0.005
0.001
0.002
0.005
0.005
0.001
0.001
0.001
0.402
0.001
0.001
0.001
0.001
0.004
0.001
0.009
0.001
0.004
0.001
0.001
0.001
0.001
0.002
0.001
0.005
0.003
0.001
0.001
0.184
0.001
0.001
0.001
0.001
0.02
0.001
0.001
0.001
0.001
0.001
0.001
0.008
0.005
0.009
0.001
0.001
0.001
0.001
0.001
0.001
0.001
0.001
0.001
0.001
0.002
0.001
0.001
0.001
0.001
0.002
0.001
0.001
0.001
0.004
0.001
0.001
0.001
0.001
0.001
0.001
0.001
0.001
0.001
0.023
0.001
0.001
0.001
0.001
0.001
0.001
0.001
0.001
0.1
0.001
0.001
0.001
0.005
0.01
0.001
0.001
0.962
0.001
0.001
0.001
0.001
0.004
0.001
0.001
0.001
0.001
0.001
0.274
0.001
0.001
0.001
0.001
0.001
0.001
0.001
0.001
0.001
0.001
0.001
0.922
0.001
0.001
0.001
0.001
0.001
0.001
0.001
0.001
0.001
0.009
0.001
0.001
0.001
0.001
0.001
0.001
0.001
0.001
0.001
0.001
0.001
0.518
0.001
0.001
0.001
0.001
0.02
0.006
0.001
0.641
0.001
0.001
0.007
0.001
0.001
0.003
0.001
0.001
0.006
0.008
0.001
0.001
0.001
0.39
0.001
0.001
0.001
0.001
0.003
0.001
0.01
0.001
0.003
0.001
0.001
0.001
0.001
0.001
0.001
0.006
0.002
0.001
0.001
0.167
0.001
0.001
0.001
0.001
0.019
0.001
0.001
0.001
0.001
0.001
0.001
0.009
0.008
0.01
0.001
0.001
0.001
0.001
0.001
0.001
0.001
0.001
0.001
0.001
0.001
0.001
0.001
0.001
0.001
0.001
0.001
0.001
0.001
0.003
0.001
0.001
0.001
0.001
0.001
0.001
0.001
0.001
0.001
0.02
0.001
0.001
0.001
0.001
0.001
0.001
0.001
0.001
0.089
0.001
0.001
0.001
0.007
0.011
0.001
0.001
0.964
0.001
0.001
0.001
0.001
0.003
0.001
0.001
0.001
0.001
0.001
0.276
0.001
0.001
0.001
0.001
0.001
0.001
0.001
0.001
0.001
0.001
0.001
0.912
0.001
0.001
0.001
0.001
0.001
0.001
0.001
0.001
0.001
0.005
0.001
0.001
0.001
0.001
0.001
0.001
0.001
0.001
0.001
0.001
0.001
0.495
0.001
0.001
0.001
0.001
0.016
0.001
0.001
0.63
0.001
0.001
0.002
0.001
0.001
0.001
0.001
0.001
0.001
0.002
0.001
0.001
0.001
0.373
0.001
0.001
0.001
0.001
0.001
0.001
0.007
0.001
0.001
0.001
0.001
0.001
0.001
0.001
0.001
0.001
0.001
0.001
0.001
0.178
0.001
0.001
0.001
0.001
0.015
0.001
0.001
0.001
0.001
0.001
0.001
0.005
0.002
0.007
0.001
0.001
0.001
0.001
0.001
0.001
0.001
0.001
0.001
0.001
0.001
0.001
0.001
0.001
0.001
0.001
0.001
0.001
0.001
0.001
0.001
0.001
0.001
0.001
0.001
0.001
0.001
0.001
0.001
0.016
0.001
0.001
0.001
0.001
0.001
0.001
0.001
0.001
0.084
0.001
0.001
0.001
0.002
0.007
0.001
0.001
0.958
0.001
0.001
0.001
0.001
0.001
0.001
0.001
0.001
0.001
0.001
0.308
0.001
0.001
0.001
0.001
0.001
0.001
0.001
0.001
0.001
0.001
0.001
0.931
0.001
0.001
0.001
0.001
0.001
0.001
0.001
0.001
0.001
0.007
0.001
0.001
0.001
0.001
0.001
0.001
0.001
0.001
0.001
0.001
0.001
0.51
0.001
0.001
0.001
0.001
0.024
0.001
0.001
0.635
0.001
0.001
0.002
0.001
0.001
0.001
0.001
0.001
0.001
0.003
0.001
0.001
0.001
0.399
0.001
0.001
0.001
0.001
0.001
0.001
0.007
0.001
0.001
0.001
0.001
0.001
0.001
0.001
0.001
0.001
0.001
0.001
0.001
0.173
0.001
0.001
0.001
0.001
0.021
0.001
0.001
0.001
0.001
0.001
0.001
0.007
0.003
0.007
0.001
0.001
0.001
0.001
0.001
0.001
0.001
0.001
0.001
0.001
0.001
0.001
0.001
0.001
0.001
0.001
0.001
0.001
0.001
0.001
0.001
0.001
0.001
0.001
0.001
0.001
0.001
0.001
0.001
0.024
0.001
0.001
0.001
0.001
0.001
0.001
0.001
0.001
0.103
0.001
0.001
0.001
0.002
0.007
0.001
0.001
0.956
0.001
0.001
0.001
0.001
0.001
0.001
0.001
0.001
0.001
0.001
0.308
0.001
0.001
0.001
0.001
0.001
0.001
0.001
0.001
0.001
0.001
0.001
0.931
0.001
0.001
0.001
0.001
0.001
0.001
0.001
0.001
0.001
0.005
0.001
0.001
0.001
0.001
0.001
0.001
0.001
0.001
0.001
0.001
0.001
0.542
0.001
0.001
0.001
0.001
0.028
0.004
0.001
0.675
0.001
0.001
0.004
0.001
0.001
0.003
0.001
0.001
0.004
0.004
0.001
0.001
0.001
0.425
0.001
0.001
0.001
0.001
0.003
0.001
0.007
0.001
0.002
0.001
0.001
0.001
0.001
0.001
0.001
0.004
0.001
0.001
0.001
0.184
0.001
0.001
0.001
0.001
0.025
0.001
0.001
0.001
0.001
0.001
0.001
0.005
0.005
0.006
0.001
0.001
0.001
0.001
0.001
0.001
0.001
0.001
0.001
0.001
0.001
0.001
0.001
0.001
0.001
0.001
0.001
0.001
0.001
0.002
0.001
0.001
0.001
0.001
0.001
0.001
0.001
0.001
0.001
0.028
0.001
0.001
0.001
0.001
0.001
0.001
0.001
0.001
0.091
0.001
0.001
0.001
0.004
0.01
0.001
0.001
0.955
0.001
0.001
0.001
0.001
0.002
0.001
0.001
0.001
0.001
0.001
0.308
0.001
0.001
0.001
0.001
0.001
0.001
0.001
0.001
0.001
0.001
0.001
0.923
0.001
0.001
0.001
0.001
0.001
0.001
0.001
0.001
0.001
0.007
0.001
0.001
0.001
0.001
0.001
0.001
0.001
0.001
0.001
0.001
0.001
0.527
0.001
0.001
0.001
0.001
0.02
0.003
0.001
0.649
0.001
0.001
0.005
0.001
0.001
0.002
0.001
0.001
0.002
0.005
0.001
0.001
0.001
0.405
0.001
0.001
0.001
0.001
0.001
0.001
0.009
0.001
0.001
0.001
0.001
0.001
0.001
0.001
0.001
0.002
0.001
0.001
0.001
0.197
0.001
0.001
0.001
0.001
0.017
0.001
0.001
0.001
0.001
0.001
0.001
0.008
0.006
0.009
0.001
0.001
0.001
0.001
0.001
0.001
0.001
0.001
0.001
0.001
0.001
0.001
0.001
0.001
0.001
0.001
0.001
0.001
0.001
0.001
0.001
0.001
0.001
0.001
0.001
0.001
0.001
0.001
0.001
0.02
0.001
0.001
0.001
0.001
0.001
0.001
0.001
0.001
0.098
0.001
0.001
0.001
0.005
0.011
0.001
0.001
0.962
0.001
0.001
0.001
0.001
0.001
0.001
0.001
0.001
0.001
0.001
0.283
0.001
0.001
0.001
0.001
0.001
0.001
0.001
0.001
0.001
0.001
0.001
0.919
0.001
0.001
0.001
0.001
0.001
0.001
0.001
0.001
0.001
0.014
0.001
0.001
0.001
0.001
0.001
0.001
0.001
0.001
0.001
0.001
0.001
0.507
0.001
0.001
0.001
0.001
0.03
0.008
0.001
0.635
0.001
0.001
0.009
0.001
0.001
0.006
0.001
0.001
0.007
0.011
0.001
0.001
0.001
0.397
0.001
0.001
0.001
0.001
0.005
0.001
0.015
0.001
0.005
0.001
0.001
0.001
0.001
0.001
0.001
0.007
0.002
0.001
0.001
0.166
0.001
0.001
0.001
0.001
0.028
0.001
0.001
0.001
0.001
0.001
0.001
0.014
0.012
0.015
0.001
0.001
0.001
0.001
0.001
0.001
0.001
0.001
0.001
0.001
0.001
0.001
0.001
0.001
0.001
0.001
0.001
0.001
0.001
0.004
0.001
0.001
0.001
0.001
0.001
0.001
0.001
0.001
0.001
0.03
0.001
0.001
0.001
0.001
0.001
0.001
0.001
0.001
0.097
0.001
0.001
0.001
0.008
0.015
0.001
0.001
0.951
0.001
0.001
0.001
0.001
0.005
0.001
0.001
0.001
0.001
0.001
0.284
0.001
0.001
0.001
0.001
0.001
0.001
0.001
0.001
0.001
0.001
0.001
0.913
0.001
0.001
0.001
0.001
0.001
0.001
0.001
0.001
0.001
0.006
0.001
0.001
0.001
0.001
0.001
0.001
0.001
0.001
0.001
0.001
0.001
0.53
0.001
0.001
0.001
0.001
0.024
0.003
0.001
0.636
0.001
0.001
0.003
0.001
0.001
0.003
0.001
0.002
0.003
0.005
0.001
0.001
0.001
0.389
0.001
0.001
0.001
0.001
0.003
0.001
0.01
0.001
0.003
0.001
0.001
0.001
0.001
0.001
0.001
0.003
0.002
0.001
0.001
0.18
0.001
0.001
0.001
0.001
0.021
0.001
0.001
0.001
0.001
0.001
0.001
0.007
0.005
0.009
0.001
0.001
0.001
0.001
0.001
0.001
0.001
0.001
0.001
0.001
0.001
0.001
0.001
0.001
0.001
0.001
0.001
0.001
0.001
0.003
0.001
0.001
0.001
0.001
0.001
0.001
0.001
0.001
0.001
0.024
0.001
0.001
0.001
0.001
0.001
0.001
0.001
0.001
0.105
0.001
0.001
0.001
0.003
0.012
0.001
0.001
0.962
0.001
0.001
0.001
0.001
0.003
0.001
0.001
0.001
0.001
0.001
0.317
0.001
0.001
0.001
0.001
0.001
0.001
0.001
0.001
0.001
0.001
0.001
0.917
0.001
0.001
0.001
0.001
0.001
0.001
0.001
0.001
0.001
0.01
0.001
0.001
0.001
0.001
0.001
0.001
0.001
0.001
0.001
0.001
0.001
0.537
0.001
0.001
0.001
0.001
0.031
0.007
0.001
0.635
0.001
0.001
0.007
0.001
0.001
0.005
0.001
0.002
0.005
0.008
0.001
0.001
0.001
0.408
0.001
0.001
0.001
0.001
0.002
0.001
0.01
0.001
0.002
0.001
0.001
0.001
0.001
0.001
0.001
0.005
0.002
0.001
0.001
0.191
0.001
0.001
0.001
0.001
0.026
0.001
0.001
0.001
0.001
0.001
0.001
0.01
0.008
0.01
0.001
0.001
0.001
0.001
0.001
0.001
0.001
0.001
0.001
0.001
0.001
0.001
0.001
0.001
0.001
0.002
0.001
0.001
0.001
0.002
0.001
0.001
0.001
0.001
0.001
0.001
0.001
0.001
0.001
0.031
0.001
0.001
0.001
0.001
0.001
0.001
0.001
0.001
0.1
0.001
0.001
0.001
0.007
0.011
0.001
0.001
0.961
0.001
0.001
0.001
0.001
0.002
0.001
0.001
0.001
0.001
0.001
0.283
0.001
0.001
0.001
0.001
0.001
0.001
0.001
0.001
0.001
0.001
0.001
0.922
0.001
0.001
0.001
0.001
0.001
0.001
0.001
0.001
0.001
0.004
0.001
0.001
0.001
0.001
0.001
0.001
0.001
0.001
0.001
0.001
0.001
0.516
0.001
0.001
0.001
0.001
0.018
0.003
0.001
0.657
0.001
0.001
0.003
0.001
0.001
0.003
0.001
0.001
0.003
0.003
0.001
0.001
0.001
0.393
0.001
0.001
0.001
0.001
0.002
0.001
0.005
0.001
0.002
0.001
0.001
0.001
0.001
0.001
0.001
0.003
0.002
0.001
0.001
0.164
0.001
0.001
0.001
0.001
0.017
0.001
0.001
0.001
0.001
0.001
0.001
0.004
0.004
0.005
0.001
0.001
0.001
0.001
0.001
0.001
0.001
0.001
0.001
0.001
0.001
0.001
0.001
0.001
0.001
0.001
0.001
0.001
0.001
0.002
0.001
0.001
0.001
0.001
0.001
0.001
0.001
0.001
0.001
0.018
0.001
0.001
0.001
0.001
0.001
0.001
0.001
0.001
0.086
0.001
0.001
0.001
0.003
0.006
0.001
0.001
0.957
0.001
0.001
0.001
0.001
0.002
0.001
0.001
0.001
0.001
0.001
0.284
0.001
0.001
0.001
0.001
0.001
0.001
0.001
0.001
0.001
0.001
0.001
0.922
0.001
0.001
0.001
0.001
0.001
0.001
0.001
0.001
0.001
0.006
0.001
0.001
0.001
0.001
0.001
0.001
0.001
0.001
0.001
0.001
0.001
0.5
0.001
0.001
0.001
0.001
0.021
0.002
0.001
0.618
0.001
0.001
0.003
0.001
0.001
0.001
0.001
0.001
0.001
0.003
0.001
0.001
0.001
0.389
0.001
0.001
0.001
0.001
0.001
0.001
0.009
0.001
0.001
0.001
0.001
0.001
0.001
0.001
0.001
0.001
0.001
0.001
0.001
0.174
0.001
0.001
0.001
0.001
0.015
0.001
0.001
0.001
0.001
0.001
0.001
0.008
0.005
0.009
0.001
0.001
0.001
0.001
0.001
0.001
0.001
0.001
0.001
0.001
0.001
0.001
0.001
0.001
0.001
0.001
0.001
0.001
0.001
0.001
0.001
0.001
0.001
0.001
0.001
0.001
0.001
0.001
0.001
0.021
0.001
0.001
0.001
0.001
0.001
0.001
0.001
0.001
0.101
0.001
0.001
0.001
0.003
0.009
0.001
0.001
0.964
0.001
0.001
0.001
0.001
0.001
0.001
0.001
0.001
0.001
0.001
0.303
0.001
0.001
0.001
0.001
0.001
0.001
0.001
0.002
0.001
0.001
0.001
0.923
0.001
0.001
0.001
0.001
0.001
0.001
0.001
0.001
0.001
0.006
0.001
0.001
0.001
0.001
0.001
0.001
0.001
0.001
0.002
0.001
0.002
0.524
0.001
0.001
0.001
0.001
0.024
0.005
0.001
0.644
0.001
0.001
0.006
0.001
0.001
0.005
0.001
0.002
0.005
0.006
0.001
0.001
0.001
0.401
0.001
0.001
0.001
0.001
0.004
0.001
0.007
0.001
0.004
0.001
0.001
0.001
0.001
0.001
0.001
0.005
0.004
0.001
0.001
0.173
0.001
0.001
0.001
0.001
0.022
0.001
0.001
0.001
0.001
0.001
0.001
0.006
0.006
0.007
0.001
0.001
0.001
0.001
0.001
0.001
0.001
0.001
0.001
0.001
0.001
0.001
0.001
0.001
0.001
0.002
0.001
0.001
0.001
0.004
0.001
0.001
0.001
0.001
0.001
0.001
0.001
0.001
0.001
0.024
0.001
0.001
0.001
0.001
0.001
0.001
0.001
0.001
0.086
0.001
0.001
0.001
0.006
0.008
0.001
0.001
0.962
0.001
0.001
0.001
0.001
0.004
0.001
0.001
0.001
0.001
0.001
0.274
0.001
0.001
0.001
0.001
0.001
0.001
0.001
0.001
0.001
0.001
0.001
0.926
0.001
0.001
0.001
0.001
0.001
0.001
0.001
0.001
0.001
0.007
0.001
0.001
0.001
0.001
0.001
0.001
0.001
0.001
0.001
0.001
0.001
0.508
0.001
0.001
0.001
0.001
0.019
0.003
0.001
0.634
0.001
0.001
0.004
0.001
0.001
0.003
0.001
0.002
0.003
0.004
0.001
0.001
0.001
0.382
0.001
0.001
0.001
0.001
0.003
0.001
0.009
0.001
0.003
0.001
0.001
0.001
0.001
0.001
0.001
0.003
0.003
0.001
0.001
0.165
0.001
0.001
0.001
0.001
0.017
0.001
0.001
0.001
0.001
0.001
0.001
0.007
0.005
0.009
0.001
0.001
0.001
0.001
0.001
0.001
0.001
0.001
0.001
0.001
0.001
0.001
0.001
0.001
0.001
0.001
0.001
0.001
0.001
0.003
0.001
0.001
0.001
0.001
0.001
0.001
0.001
0.001
0.001
0.019
0.001
0.001
0.001
0.001
0.001
0.001
0.001
0.001
0.091
0.001
0.001
0.001
0.004
0.009
0.001
0.001
0.958
0.001
0.001
0.001
0.001
0.003
0.001
0.001
0.001
0.001
0.001
0.261
0.001
0.001
0.001
0.001
0.001
0.001
0.001
0.001
0.001
0.001
0.001
0.926
0.001
0.001
0.001
0.001
0.001
0.001
0.001
0.001
0.001
0.005
0.001
0.001
0.001
0.001
0.001
0.001
0.001
0.001
0.001
0.001
0.001
0.498
0.001
0.001
0.001
0.001
0.028
0.004
0.001
0.647
0.001
0.001
0.005
0.001
0.001
0.004
0.001
0.001
0.004
0.005
0.001
0.001
0.001
0.369
0.001
0.001
0.001
0.001
0.004
0.001
0.007
0.001
0.004
0.001
0.001
0.001
0.001
0.001
0.001
0.004
0.002
0.001
0.001
0.153
0.001
0.001
0.001
0.001
0.024
0.001
0.001
0.001
0.001
0.001
0.001
0.005
0.005
0.007
0.001
0.001
0.001
0.001
0.001
0.001
0.001
0.001
0.001
0.001
0.001
0.001
0.001
0.001
0.001
0.001
0.001
0.001
0.001
0.004
0.001
0.001
0.001
0.001
0.001
0.001
0.001
0.001
0.001
0.028
0.001
0.001
0.001
0.001
0.001
0.001
0.001
0.001
0.082
0.001
0.001
0.001
0.005
0.007
0.001
0.001
0.964
0.001
0.001
0.001
0.001
0.004
0.001
0.001
0.001
0.001
0.001
0.313
0.001
0.001
0.001
0.001
0.001
0.001
0.001
0.002
0.001
0.001
0.001
0.933
0.001
0.001
0.001
0.001
0.001
0.001
0.001
0.001
0.001
0.006
0.001
0.001
0.001
0.001
0.001
0.001
0.001
0.001
0.002
0.001
0.003
0.539
0.001
0.001
0.001
0.001
0.025
0.004
0.001
0.655
0.001
0.001
0.004
0.001
0.001
0.003
0.001
0.003
0.003
0.004
0.001
0.001
0.001
0.417
0.001
0.001
0.001
0.001
0.003
0.001
0.008
0.001
0.003
0.001
0.001
0.001
0.001
0.001
0.001
0.003
0.003
0.001
0.001
0.182
0.001
0.001
0.001
0.001
0.018
0.001
0.001
0.001
0.001
0.001
0.001
0.006
0.005
0.007
0.001
0.001
0.001
0.001
0.001
0.001
0.001
0.001
0.001
0.001
0.001
0.001
0.001
0.001
0.001
0.003
0.001
0.001
0.001
0.003
0.001
0.001
0.001
0.001
0.001
0.001
0.001
0.001
0.001
0.025
0.001
0.001
0.001
0.001
0.001
0.001
0.001
0.001
0.108
0.001
0.001
0.001
0.004
0.008
0.001
0.001
0.965
0.001
0.001
0.001
0.001
0.003
0.001
0.001
0.001
0.001
0.001
0.281
0.001
0.001
0.001
0.001
0.001
0.001
0.001
0.001
0.001
0.001
0.001
0.911
0.001
0.001
0.001
0.001
0.001
0.001
0.001
0.001
0.001
0.009
0.001
0.001
0.001
0.001
0.001
0.001
0.001
0.001
0.001
0.001
0.001
0.523
0.001
0.001
0.001
0.001
0.025
0.004
0.001
0.632
0.001
0.001
0.004
0.001
0.001
0.004
0.001
0.002
0.004
0.008
0.001
0.001
0.001
0.414
0.001
0.001
0.001
0.001
0.004
0.001
0.011
0.001
0.003
0.001
0.001
0.001
0.001
0.001
0.001
0.004
0.003
0.001
0.001
0.182
0.001
0.001
0.001
0.001
0.021
0.001
0.001
0.001
0.001
0.001
0.001
0.009
0.009
0.01
0.001
0.001
0.001
0.001
0.001
0.001
0.001
0.001
0.001
0.001
0.001
0.001
0.001
0.001
0.001
0.001
0.001
0.001
0.001
0.003
0.001
0.001
0.001
0.001
0.001
0.001
0.001
0.001
0.001
0.025
0.001
0.001
0.001
0.001
0.001
0.001
0.001
0.001
0.095
0.001
0.001
0.001
0.004
0.011
0.001
0.001
0.96
0.001
0.001
0.001
0.001
0.003
0.001
0.001
0.001
0.001
0.001
0.294
0.001
0.001
0.001
0.001
0.001
0.001
0.001
0.001
0.001
0.001
0.001
0.935
0.001
0.001
0.001
0.001
0.001
0.001
0.001
0.001
0.001
0.004
0.001
0.001
0.001
0.001
0.001
0.001
0.001
0.001
0.001
0.001
0.001
0.529
0.001
0.001
0.001
0.001
0.024
0.004
0.001
0.664
0.001
0.001
0.004
0.001
0.001
0.001
0.001
0.001
0.002
0.004
0.001
0.001
0.001
0.395
0.001
0.001
0.001
0.001
0.001
0.001
0.006
0.001
0.001
0.001
0.001
0.001
0.001
0.001
0.001
0.002
0.001
0.001
0.001
0.182
0.001
0.001
0.001
0.001
0.019
0.001
0.001
0.001
0.001
0.001
0.001
0.004
0.004
0.006
0.001
0.001
0.001
0.001
0.001
0.001
0.001
0.001
0.001
0.001
0.001
0.001
0.001
0.001
0.001
0.001
0.001
0.001
0.001
0.001
0.001
0.001
0.001
0.001
0.001
0.001
0.001
0.001
0.001
0.024
0.001
0.001
0.001
0.001
0.001
0.001
0.001
0.001
0.103
0.001
0.001
0.001
0.004
0.007
0.001
0.001
0.969
0.001
0.001
0.001
0.001
0.001
0.001
0.001
0.001
0.001
0.001
0.301
0.001
0.001
0.001
0.001
0.001
0.001
0.001
0.001
0.001
0.001
0.001
0.919
0.001
0.001
0.001
0.001
0.001
0.001
0.001
0.001
0.001
0.004
0.001
0.001
0.001
0.001
0.001
0.001
0.001
0.001
0.001
0.001
0.001
0.524
0.001
0.001
0.001
0.001
0.019
0.001
0.001
0.648
0.001
0.001
0.002
0.001
0.001
0.001
0.001
0.001
0.001
0.002
0.001
0.001
0.001
0.413
0.001
0.001
0.001
0.001
0.001
0.001
0.005
0.001
0.001
0.001
0.001
0.001
0.001
0.001
0.001
0.001
0.001
0.001
0.001
0.187
0.001
0.001
0.001
0.001
0.017
0.001
0.001
0.001
0.001
0.001
0.001
0.004
0.002
0.005
0.001
0.001
0.001
0.001
0.001
0.001
0.001
0.001
0.001
0.001
0.001
0.001
0.001
0.001
0.001
0.001
0.001
0.001
0.001
0.001
0.001
0.001
0.001
0.001
0.001
0.001
0.001
0.001
0.001
0.019
0.001
0.001
0.001
0.001
0.001
0.001
0.001
0.001
0.1
0.001
0.001
0.001
0.002
0.006
0.001
0.001
0.963
0.001
0.001
0.001
0.001
0.001
0.001
0.001
0.001
0.001
0.001
0.281
0.001
0.001
0.001
0.001
0.001
0.001
0.001
0.001
0.001
0.001
0.001
0.928
0.001
0.001
0.001
0.001
0.001
0.001
0.001
0.001
0.001
0.005
0.001
0.001
0.001
0.001
0.001
0.001
0.001
0.001
0.001
0.001
0.001
0.487
0.001
0.001
0.001
0.001
0.021
0.003
0.001
0.618
0.001
0.001
0.003
0.001
0.001
0.003
0.001
0.002
0.003
0.005
0.001
0.001
0.001
0.366
0.001
0.001
0.001
0.001
0.002
0.001
0.006
0.001
0.002
0.001
0.001
0.001
0.001
0.001
0.001
0.003
0.002
0.001
0.001
0.162
0.001
0.001
0.001
0.001
0.018
0.001
0.001
0.001
0.001
0.001
0.001
0.005
0.005
0.006
0.001
0.001
0.001
0.001
0.001
0.001
0.001
0.001
0.001
0.001
0.001
0.001
0.001
0.001
0.001
0.001
0.001
0.001
0.001
0.002
0.001
0.001
0.001
0.001
0.001
0.001
0.001
0.001
0.001
0.021
0.001
0.001
0.001
0.001
0.001
0.001
0.001
0.001
0.091
0.001
0.001
0.001
0.003
0.006
0.001
0.001
0.966
0.001
0.001
0.001
0.001
0.002
0.001
0.001
0.001
0.001
0.001
0.282
0.001
0.001
0.001
0.001
0.001
0.001
0.001
0.001
0.001
0.001
0.001
0.918
0.001
0.001
0.001
0.001
0.001
0.001
0.001
0.001
0.001
0.004
0.001
0.001
0.001
0.001
0.001
0.001
0.001
0.001
0.001
0.001
0.001
0.513
0.001
0.001
0.001
0.001
0.02
0.002
0.001
0.617
0.001
0.001
0.002
0.001
0.001
0.002
0.001
0.001
0.002
0.003
0.001
0.001
0.001
0.374
0.001
0.001
0.001
0.001
0.001
0.001
0.006
0.001
0.001
0.001
0.001
0.001
0.001
0.001
0.001
0.002
0.001
0.001
0.001
0.169
0.001
0.001
0.001
0.001
0.014
0.001
0.001
0.001
0.001
0.001
0.001
0.005
0.003
0.006
0.001
0.001
0.001
0.001
0.001
0.001
0.001
0.001
0.001
0.001
0.001
0.001
0.001
0.001
0.001
0.001
0.001
0.001
0.001
0.001
0.001
0.001
0.001
0.001
0.001
0.001
0.001
0.001
0.001
0.02
0.001
0.001
0.001
0.001
0.001
0.001
0.001
0.001
0.086
0.001
0.001
0.001
0.002
0.008
0.001
0.001
0.96
0.001
0.001
0.001
0.001
0.001
0.001
0.001
0.001
