NA
NA
NA
NA
NA
NA
NA
NA
NA
0.323
0.337
0.312
0.325
0.439
0.889
0.483
0.311
0.309
0.62
0.308
0.371
0.308
0.307
0.304
0.312
0.334
0.308
0.309
0.31
0.306
0.412
0.306
0.314
0.304
0.301
0.388
0.32
0.452
0.319
0.911
0.552
0.334
0.359
0.513
0.327
0.334
0.538
0.356
0.367
0.306
0.516
0.806
0.306
0.334
0.31
0.308
0.31
0.319
0.316
0.304
0.304
0.301
0.405
0.301
0.328
0.308
0.31
0.31
0.326
0.362
0.759
0.306
0.371
0.337
0.425
0.312
0.307
0.312
0.362
0.418
0.345
0.356
0.33
0.309
0.31
0.34
0.329
0.437
0.367
0.309
0.32
0.31
0.307
0.345
0.309
0.309
0.31
0.323
0.31
0.31
0.307
0.31
0.315
0.32
0.31
0.345
0.322
0.309
0.32
0.32
0.31
0.307
0.31
0.307
0.319
0.308
0.309
0.301
0.309
0.359
0.292
0.394
0.356
0.306
0.57
0.31
0.308
0.306
0.32
0.404
0.321
0.306
0.306
0.34
0.31
0.309
0.31
0.308
0.307
0.354
0.334
0.337
0.343
0.301
0.301
0.307
0.348
0.292
0.306
0.307
0.308
0.31
0.306
0.31
0.307
0.307
0.308
0.306
0.32
0.639
0.3
0.31
0.304
0.31
0.309
0.301
0.323
0.311
0.306
0.301
0.306
0.306
0.299
0.307
0.31
0.292
0.306
0.31
0.299
0.345
0.284
0.307
0.307
0.292
0.336
0.328
0.342
0.299
0.292
0.301
0.31
0.306
0.309
0.307
0.334
0.306
0.345
0.348
0.344
0.307
0.388
0.292
0.301
0.325
0.312
0.295
0.439
0.306
0.313
0.307
0.306
0.31
0.307
0.292
0.315
0.314
0.301
0.306
0.306
0.319
0.307
0.307
0.424
0.31
0.306
0.292
0.545
0.307
0.31
0.31
0.467
0.307
0.31
0.307
0.312
0.306
0.307
0.292
0.309
0.307
0.301
0.307
0.329
0.314
0.288
0.32
0.301
0.325
0.307
0.308
0.322
0.31
0.308
0.307
0.371
0.326
0.32
0.016
0.306
0.307
0.305
0.287
0.308
0.306
0.322
0.307
0.31
0.309
0.309
0.308
0.31
0.3
0.31
0.3
0.016
0.314
0.345
0.306
0.31
0.31
0.306
0.287
0.306
0.343
0.306
0.301
0.306
0.307
0.306
0.31
0.31
0.301
0.301
0.309
0.016
0.307
0.306
0.304
0.306
0.306
0.307
0.292
0.309
0.31
0.306
0.292
0.292
0.285
0.299
0.292
0.307
0.306
0.31
0.31
0.306
0.299
0.301
0.309
0.309
0.306
0.346
0.307
0.32
0.398
0.356
0.312
0.487
0.718
0.309
0.437
0.902
0.802
0.306
0.323
0.31
0.287
0.352
0.362
0.306
0.292
0.306
0.306
0.301
0.292
0.292
0.335
0.321
0.31
NA
NA
0.297
0.311
0.292
0.299
0.437
0.899
0.491
0.292
0.289
0.632
0.289
0.349
0.289
0.288
0.283
0.292
0.306
0.289
0.289
0.292
0.287
0.408
0.287
0.292
0.283
0.28
0.362
0.293
0.454
0.293
0.919
0.568
0.307
0.334
0.518
0.3
0.308
0.55
0.327
0.34
0.287
0.521
0.838
0.287
0.307
0.292
0.289
0.291
0.292
0.292
0.283
0.283
0.28
0.395
0.28
0.3
0.289
0.292
0.29
0.3
0.338
0.801
0.287
0.346
0.311
0.425
0.292
0.288
0.292
0.337
0.422
0.322
0.327
0.302
0.289
0.292
0.317
0.3
0.432
0.342
0.289
0.295
0.292
0.288
0.322
0.289
0.289
0.292
0.297
0.292
0.292
0.288
0.29
0.292
0.293
0.289
0.321
0.296
0.289
0.293
0.293
0.292
0.288
0.292
0.288
0.293
0.289
0.289
0.279
0.289
0.332
0.275
0.374
0.327
0.287
0.582
0.292
0.289
0.287
0.293
0.394
0.295
0.287
0.288
0.317
0.289
0.289
0.292
0.289
0.288
0.324
0.306
0.312
0.317
0.28
0.28
0.288
0.322
0.275
0.287
0.288
0.289
0.292
0.287
0.292
0.288
0.288
0.289
0.287
0.293
0.66
0.279
0.292
0.283
0.292
0.289
0.28
0.296
0.292
0.287
0.28
0.287
0.288
0.279
0.288
0.292
0.275
0.287
0.289
0.279
0.322
0.273
0.288
0.288
0.275
0.311
0.3
0.317
0.279
0.275
0.28
0.292
0.287
0.289
0.288
0.307
0.287
0.321
0.322
0.317
0.288
0.364
0.275
0.28
0.3
0.292
0.278
0.436
0.287
0.292
0.288
0.287
0.292
0.288
0.275
0.292
0.292
0.28
0.287
0.287
0.293
0.289
0.288
0.425
0.289
0.287
0.275
0.561
0.288
0.292
0.291
0.467
0.288
0.292
0.289
0.292
0.287
0.288
0.275
0.289
0.288
0.28
0.288
0.3
0.292
0.274
0.293
0.282
0.3
0.288
0.289
0.296
0.292
0.289
0.288
0.346
0.3
0.293
0.018
0.287
0.288
0.287
0.274
0.289
0.287
0.295
0.288
0.292
0.289
0.289
0.289
0.292
0.279
0.292
0.279
0.018
0.292
0.321
0.287
0.291
0.292
0.287
0.273
0.287
0.317
0.287
0.28
0.287
0.289
0.287
0.29
0.292
0.28
0.28
0.289
0.018
0.289
0.287
0.283
0.287
0.287
0.288
0.275
0.289
0.292
0.287
0.275
0.275
0.273
0.279
0.275
0.288
0.287
0.292
0.292
0.287
0.279
0.282
0.289
0.289
0.287
0.322
0.288
0.293
0.386
0.329
0.292
0.495
0.763
0.289
0.433
0.911
0.837
0.287
0.297
0.292
0.274
0.323
0.338
0.287
0.275
0.287
0.287
0.28
0.275
0.275
0.308
0.295
0.292
NA
NA
NA
NA
NA
NA
NA
NA
NA
NA
NA
NA
NA
NA
NA
NA
NA
NA
NA
NA
NA
NA
NA
NA
NA
NA
NA
NA
NA
NA
NA
NA
NA
NA
NA
0.287
0.298
0.28
0.29
0.432
0.879
0.484
0.28
0.278
0.606
0.278
0.357
0.277
0.277
0.274
0.28
0.295
0.278
0.279
0.279
0.277
0.404
0.277
0.281
0.274
0.273
0.371
0.283
0.452
0.282
0.895
0.534
0.297
0.335
0.509
0.29
0.298
0.524
0.326
0.35
0.277
0.513
0.811
0.277
0.297
0.28
0.278
0.279
0.281
0.281
0.274
0.274
0.273
0.392
0.273
0.29
0.277
0.28
0.279
0.29
0.341
0.771
0.277
0.354
0.298
0.418
0.28
0.277
0.28
0.341
0.413
0.314
0.327
0.293
0.279
0.279
0.303
0.29
0.427
0.35
0.279
0.284
0.28
0.277
0.314
0.279
0.278
0.28
0.286
0.28
0.28
0.277
0.279
0.281
0.283
0.279
0.31
0.286
0.279
0.283
0.283
0.28
0.277
0.28
0.277
0.281
0.278
0.278
0.273
0.278
0.333
0.26
0.385
0.327
0.277
0.553
0.28
0.278
0.277
0.283
0.392
0.284
0.277
0.277
0.305
0.279
0.278
0.28
0.278
0.277
0.321
0.295
0.298
0.306
0.273
0.273
0.277
0.317
0.262
0.277
0.277
0.277
0.279
0.277
0.28
0.277
0.277
0.277
0.277
0.283
0.623
0.268
0.28
0.274
0.279
0.279
0.273
0.286
0.28
0.277
0.273
0.277
0.277
0.268
0.277
0.28
0.262
0.277
0.279
0.268
0.314
0.257
0.277
0.277
0.262
0.298
0.29
0.306
0.268
0.262
0.273
0.28
0.277
0.279
0.277
0.297
0.277
0.313
0.317
0.306
0.277
0.373
0.26
0.273
0.29
0.28
0.268
0.431
0.277
0.28
0.277
0.277
0.28
0.277
0.26
0.281
0.281
0.273
0.277
0.277
0.282
0.277
0.277
0.415
0.279
0.277
0.262
0.53
0.277
0.28
0.279
0.469
0.277
0.279
0.277
0.28
0.277
0.277
0.258
0.279
0.277
0.273
0.277
0.29
0.281
0.258
0.283
0.273
0.29
0.277
0.278
0.286
0.279
0.278
0.277
0.353
0.29
0.283
0.014
0.277
0.277
0.277
0.257
0.278
0.277
0.285
0.277
0.28
0.279
0.279
0.278
0.28
0.273
0.28
0.273
0.014
0.281
0.31
0.277
0.279
0.279
0.277
0.257
0.277
0.306
0.277
0.273
0.277
0.277
0.277
0.279
0.279
0.273
0.273
0.278
0.014
0.277
0.277
0.274
0.277
0.277
0.277
0.26
0.279
0.279
0.277
0.262
0.258
0.257
0.268
0.258
0.277
0.277
0.28
0.28
0.277
0.268
0.273
0.279
0.278
0.277
0.314
0.277
0.283
0.388
0.328
0.28
0.485
0.73
0.278
0.428
0.891
0.808
0.277
0.288
0.279
0.257
0.319
0.341
0.277
0.258
0.277
0.277
0.273
0.258
0.258
0.298
0.284
0.279
0.311
0.321
0.299
0.311
0.432
0.898
0.467
0.299
0.294
0.621
0.293
0.354
0.293
0.293
0.291
0.299
0.315
0.293
0.296
0.298
0.293
0.41
0.293
0.301
0.291
0.288
0.368
0.302
0.445
0.302
0.918
0.542
0.316
0.339
0.497
0.312
0.318
0.524
0.336
0.345
0.293
0.502
0.82
0.293
0.316
0.299
0.293
0.296
0.302
0.302
0.291
0.291
0.288
0.401
0.288
0.312
0.293
0.299
0.296
0.312
0.342
0.774
0.293
0.354
0.321
0.42
0.299
0.293
0.3
0.342
0.418
0.327
0.336
0.313
0.294
0.298
0.322
0.312
0.428
0.348
0.296
0.306
0.299
0.293
0.327
0.296
0.294
0.298
0.307
0.299
0.299
0.293
0.296
0.301
0.302
0.296
0.327
0.306
0.294
0.302
0.302
0.298
0.293
0.298
0.293
0.302
0.293
0.294
0.288
0.294
0.338
0.279
0.382
0.336
0.293
0.568
0.299
0.293
0.293
0.304
0.4
0.306
0.293
0.293
0.322
0.296
0.294
0.299
0.293
0.293
0.333
0.315
0.321
0.323
0.288
0.288
0.293
0.328
0.28
0.293
0.293
0.293
0.298
0.293
0.298
0.293
0.293
0.293
0.293
0.302
0.64
0.286
0.299
0.291
0.297
0.296
0.288
0.306
0.299
0.293
0.288
0.293
0.293
0.285
0.293
0.299
0.28
0.293
0.296
0.286
0.327
0.275
0.293
0.293
0.279
0.321
0.312
0.322
0.285
0.28
0.288
0.299
0.293
0.294
0.293
0.316
0.293
0.327
0.328
0.324
0.293
0.369
0.279
0.288
0.311
0.3
0.284
0.432
0.293
0.3
0.293
0.293
0.299
0.293
0.279
0.301
0.301
0.288
0.293
0.293
0.302
0.293
0.293
0.419
0.296
0.293
0.28
0.535
0.293
0.299
0.296
0.452
0.293
0.298
0.293
0.299
0.293
0.293
0.279
0.294
0.293
0.288
0.293
0.312
0.301
0.276
0.302
0.289
0.311
0.293
0.293
0.306
0.298
0.293
0.293
0.353
0.311
0.302
0.012
0.293
0.293
0.293
0.276
0.293
0.293
0.306
0.293
0.299
0.296
0.296
0.293
0.299
0.288
0.299
0.288
0.012
0.301
0.327
0.293
0.296
0.298
0.293
0.276
0.293
0.324
0.293
0.288
0.293
0.293
0.293
0.296
0.298
0.288
0.288
0.293
0.012
0.293
0.293
0.291
0.293
0.293
0.293
0.279
0.296
0.298
0.293
0.28
0.279
0.275
0.286
0.279
0.293
0.293
0.299
0.299
0.293
0.286
0.289
0.294
0.293
0.293
0.327
0.293
0.302
0.39
0.336
0.3
0.469
0.737
0.294
0.431
0.908
0.815
0.293
0.311
0.298
0.276
0.329
0.342
0.293
0.279
0.293
0.293
0.288
0.279
0.279
0.318
0.306
0.298
NA
NA
NA
NA
NA
NA
NA
NA
NA
NA
NA
NA
NA
NA
NA
NA
NA
NA
NA
NA
NA
NA
NA
NA
NA
NA
0.295
0.314
0.283
0.297
0.433
0.872
0.485
0.283
0.281
0.626
0.28
0.37
0.279
0.279
0.273
0.283
0.307
0.28
0.282
0.283
0.276
0.405
0.278
0.285
0.273
0.268
0.378
0.29
0.45
0.289
0.901
0.548
0.309
0.358
0.514
0.299
0.311
0.536
0.352
0.363
0.276
0.516
0.819
0.279
0.309
0.283
0.28
0.283
0.287
0.285
0.273
0.273
0.268
0.397
0.268
0.3
0.28
0.283
0.283
0.299
0.361
0.775
0.278
0.369
0.314
0.422
0.283
0.279
0.283
0.36
0.416
0.329
0.355
0.303
0.281
0.283
0.319
0.3
0.43
0.364
0.282
0.291
0.283
0.279
0.329
0.282
0.281
0.283
0.294
0.283
0.283
0.279
0.283
0.285
0.29
0.283
0.329
0.294
0.281
0.29
0.29
0.283
0.279
0.283
0.279
0.287
0.28
0.281
0.268
0.281
0.357
0.262
0.386
0.355
0.276
0.574
0.283
0.28
0.276
0.29
0.397
0.293
0.279
0.279
0.321
0.283
0.281
0.283
0.28
0.279
0.348
0.307
0.314
0.326
0.268
0.268
0.279
0.332
0.263
0.279
0.279
0.279
0.283
0.276
0.283
0.279
0.279
0.279
0.276
0.29
0.642
0.268
0.283
0.273
0.283
0.282
0.268
0.294
0.283
0.278
0.268
0.278
0.279
0.268
0.279
0.283
0.263
0.279
0.283
0.268
0.329
0.26
0.279
0.279
0.262
0.314
0.3
0.325
0.268
0.263
0.268
0.283
0.278
0.281
0.279
0.309
0.276
0.329
0.333
0.326
0.279
0.379
0.262
0.268
0.297
0.284
0.264
0.432
0.279
0.285
0.279
0.278
0.283
0.279
0.262
0.285
0.285
0.268
0.278
0.279
0.289
0.279
0.279
0.419
0.283
0.278
0.263
0.542
0.279
0.283
0.283
0.463
0.279
0.283
0.279
0.283
0.279
0.279
0.262
0.281
0.279
0.268
0.279
0.3
0.285
0.262
0.29
0.272
0.297
0.279
0.28
0.294
0.283
0.28
0.279
0.368
0.298
0.29
0.012
0.276
0.279
0.275
0.262
0.28
0.278
0.294
0.279
0.283
0.282
0.282
0.28
0.283
0.268
0.283
0.268
0.012
0.285
0.329
0.276
0.283
0.283
0.278
0.262
0.278
0.326
0.278
0.268
0.278
0.279
0.278
0.283
0.283
0.268
0.268
0.281
0.012
0.279
0.278
0.273
0.278
0.276
0.279
0.262
0.281
0.283
0.279
0.263
0.262
0.26
0.268
0.262
0.279
0.279
0.283
0.283
0.278
0.268
0.272
0.281
0.28
0.278
0.33
0.279
0.289
0.392
0.355
0.284
0.485
0.726
0.281
0.431
0.889
0.818
0.278
0.295
0.283
0.262
0.339
0.36
0.278
0.262
0.278
0.278
0.268
0.262
0.262
0.311
0.293
0.283
NA
NA
NA
0.309
0.316
0.301
0.311
0.437
0.899
0.48
0.3
0.298
0.617
0.298
0.361
0.298
0.298
0.295
0.301
0.315
0.298
0.299
0.3
0.296
0.404
0.296
0.303
0.295
0.294
0.371
0.307
0.448
0.304
0.917
0.553
0.315
0.345
0.505
0.313
0.316
0.532
0.34
0.356
0.296
0.508
0.824
0.298
0.315
0.3
0.298
0.299
0.303
0.303
0.295
0.295
0.294
0.397
0.294
0.313
0.298
0.3
0.299
0.313
0.351
0.761
0.297
0.36
0.316
0.421
0.301
0.298
0.301
0.35
0.413
0.33
0.34
0.315
0.298
0.299
0.319
0.313
0.432
0.357
0.298
0.308
0.3
0.298
0.329
0.299
0.298
0.3
0.309
0.3
0.3
0.298
0.299
0.303
0.307
0.299
0.327
0.309
0.298
0.307
0.307
0.3
0.298
0.3
0.298
0.303
0.298
0.298
0.294
0.298
0.344
0.282
0.383
0.34
0.296
0.574
0.3
0.298
0.296
0.308
0.396
0.308
0.298
0.298
0.322
0.299
0.298
0.3
0.298
0.298
0.337
0.315
0.316
0.324
0.294
0.294
0.298
0.33
0.285
0.298
0.298
0.298
0.299
0.296
0.3
0.298
0.298
0.298
0.296
0.307
0.631
0.29
0.3
0.295
0.299
0.298
0.294
0.309
0.3
0.296
0.294
0.297
0.298
0.29
0.298
0.3
0.285
0.298
0.299
0.29
0.33
0.277
0.298
0.298
0.283
0.316
0.313
0.324
0.29
0.285
0.294
0.3
0.297
0.298
0.298
0.315
0.296
0.329
0.33
0.325
0.298
0.374
0.282
0.294
0.311
0.303
0.289
0.435
0.298
0.303
0.298
0.297
0.3
0.298
0.282
0.303
0.303
0.294
0.297
0.298
0.304
0.298
0.298
0.417
0.299
0.297
0.285
0.542
0.298
0.3
0.299
0.459
0.298
0.3
0.298
0.301
0.298
0.298
0.282
0.298
0.298
0.294
0.298
0.313
0.303
0.281
0.307
0.294
0.312
0.298
0.298
0.309
0.299
0.298
0.298
0.36
0.313
0.307
0.008
0.296
0.298
0.296
0.28
0.298
0.297
0.309
0.298
0.3
0.298
0.298
0.298
0.3
0.293
0.3
0.293
0.008
0.303
0.327
0.296
0.299
0.3
0.296
0.279
0.296
0.325
0.297
0.294
0.296
0.298
0.296
0.299
0.3
0.294
0.294
0.298
0.008
0.298
0.297
0.295
0.296
0.296
0.298
0.282
0.298
0.299
0.298
0.285
0.282
0.277
0.29
0.282
0.298
0.298
0.3
0.3
0.297
0.29
0.294
0.298
0.298
0.297
0.33
0.298
0.306
0.391
0.341
0.303
0.482
0.724
0.298
0.432
0.908
0.817
0.296
0.309
0.299
0.28
0.334
0.351
0.297
0.282
0.296
0.297
0.294
0.282
0.282
0.316
0.308
0.3
NA
NA
NA
NA
NA
NA
NA
NA
NA
NA
NA
NA
NA
NA
NA
NA
NA
NA
NA
