0.124
0.399
0.124
0.814
0.762
0.814
0.814
0.858
0.814
0.707
0.758
0.707
0.002
0.015
0.002
0.1
0.087
0.1
0.1
0.12
0.1
0.124
0.399
0.124
0.814
0.762
0.814
0.369
0.399
0.814
0.399
0.814
0.369
0.732
0.707
0.758
0.707
0.298
0.331
0.707
0.331
0.707
0.298
0.839
0.331
0.758
0.331
0.791
0.839
0.791
0.1
0.12
0.1
0.814
0.858
0.814
0.369
0.399
0.814
0.399
0.814
0.369
0.732
0.399
0.858
0.399
0.69
0.732
0.69
0.331
0.758
0.331
0.791
0.839
0.791
0.791
0.737
0.791
0.015
0.399
0.124
0.814
0.814
0.858
0.707
0.758
0.12
0.015
0.002
0.015
0.329
0.1
0.364
0.12
0.364
0.1
0.364
0.12
0.1
0.391
0.12
0.762
0.814
0.814
0.707
0.329
0.1
0.329
0.087
0.364
0.1
0.364
0.1
0.002
0.002
0.124
0.369
0.399
0.298
0.331
0.331
0.002
0.002
0.002
0.001
0.012
0.002
0.012
0.012
0.015
0.015
0.012
0.124
0.369
0.331
0.298
0.012
0.015
0.015
0.012
0.015
0.015
0.399
0.331
0.015
0.12
0.015
0.364
0.329
0.364
0.002
0.1
0.015
0.1
0.1
0.12
0.12
0.1
0.399
0.814
0.124
0.814
0.399
0.707
0.758
0.707
0.331
0.758
0.331
0.791
0.002
0.015
0.1
0.002
0.015
0.1
0.124
0.331
0.12
0.1
0.015
0.1
0.015
0.12
0.364
0.399
0.331
0.329
0.364
0.329
0.087
0.1
0.1
0.087
0.1
0.1
0.814
0.762
0.369
0.814
0.732
0.707
0.707
0.298
0.839
0.839
0.791
0.1
0.087
0.012
0.087
0.012
0.1
0.329
0.369
0.298
0.1
0.012
0.1
0.329
0.364
0.329
0.369
0.369
0.399
0.399
0.331
0.012
0.015
0.015
0.012
0.015
0.015
0.399
0.369
0.331
0.015
0.015
0.399
0.364
0.391
0.364
0.1
0.12
0.1
0.12
0.12
0.814
0.858
0.814
0.399
0.858
0.399
0.69
0.758
0.331
0.791
0.791
0.737
0.12
0.1
0.015
0.1
0.015
0.12
0.364
0.399
0.331
0.12
0.015
0.12
0.364
0.391
0.364
0.399
0.1
0.1
0.814
0.814
0.369
0.732
0.732
0.69
0.839
0.791
0.791
0.1
0.012
0.1
0.329
0.364
0.329
0.364
0.329
0.364
0.015
0.12
0.399
0.015
0.015
0.002
0.1
0.329
0.1
0.12
0.364
0.124
0.814
0.707
0.1
0.12
0.364
0.364
0.12
0.391
0.858
0.814
0.758
0.12
0.391
0.12
0.803
0.751
0.803
0.12
0.751
0.803
0.803
0.399
0.12
0.751
0.015
0.364
0.364
0.399
0.758
0.803
0.803
0.364
0.364
0.391
0.391
0.741
0.858
0.758
0.751
0.803
0.751
0.751
0.751
0.803
0.751
0.329
0.329
0.364
0.792
0.814
0.707
0.803
0.364
0.364
0.792
0.741
0.741
0.814
0.015
0.12
0.015
0.364
0.329
0.364
0.015
0.002
0.1
0.1
0.12
0.399
0.814
0.124
0.758
0.707
0.015
0.002
0.1
0.1
0.002
0.1
0.015
0.124
0.331
0.707
0.331
0.1
0.12
0.12
0.1
0.1
0.015
0.12
0.015
0.364
0.399
0.814
0.399
0.331
0.758
0.791
0.331
0.329
0.364
0.751
0.364
0.751
0.329
0.792
0.814
0.707
0.1
0.707
0.1
0.814
0.791
0.364
0.391
0.364
0.1
0.12
0.12
0.858
0.814
0.758
0.1
0.12
0.1
0.1
0.015
0.12
0.015
0.364
0.399
0.814
0.399
0.331
0.791
0.331
0.12
0.12
0.12
0.015
0.364
0.364
0.391
0.399
0.858
0.69
0.399
0.737
0.791
0.364
0.391
0.803
0.391
0.803
0.364
0.741
0.858
0.758
0.12
0.758
0.12
0.858
0.737
0.364
0.803
0.364
0.741
0.792
0.741
0.814
0.1
0.814
0.791
0.69
0.791
0.087
0.1
0.329
0.329
0.1
0.364
0.814
0.762
0.707
0.1
0.364
0.814
0.751
0.803
0.751
0.751
0.803
0.751
0.751
0.329
0.329
0.364
0.364
0.792
0.814
0.707
0.803
0.364
0.792
0.741
0.741
0.814
0.751
0.751
0.329
0.329
0.841
0.792
0.792
0.792
0.792
0.741
0.329
0.364
0.329
0.087
0.1
0.1
0.814
0.707
0.087
0.1
0.1
0.087
0.087
0.012
0.1
0.012
0.329
0.369
0.762
0.369
0.298
0.707
0.839
0.298
0.1
0.1
0.1
0.012
0.329
0.329
0.364
0.814
0.732
0.369
0.791
0.839
0.329
0.364
0.751
0.364
0.751
0.329
0.792
0.814
0.707
0.1
0.707
0.1
0.814
0.791
0.329
0.751
0.329
0.792
0.841
0.792
0.762
0.087
0.762
0.839
0.732
0.839
0.1
0.814
0.1
0.1
0.1
0.012
0.329
0.329
0.364
0.369
0.814
0.732
0.791
0.839
0.329
0.364
0.364
0.69
0.732
0.791
0.364
0.803
0.364
0.741
0.792
0.741
0.814
0.1
0.814
0.791
0.69
0.791
0.792
0.741
0.792
0.732
0.839
0.732
0.168
0.43
0.168
0.013
0.002
0.013
0.021
0.013
0.002
0.021
0.187
0.085
0.085
0.899
0.52
0.013
0.021
0.12
0.161
0.12
0.021
0.357
0.168
0.52
0.89
0.002
0.021
0.187
0.021
0.021
0.187
0.239
1
0.899
0.43
0.013
0.899
0.43
0.12
0.424
0.995
0.12
0.89
0.995
0.89
0.899
0.52
0.12
0.12
0.424
0.161
0.995
0.357
0.424
0.424
0.503
0.424
0.503
0.52
0.161
0.995
0.503
0.902
0.902
0.43
0.013
0.021
0.12
0.021
0.52
0.161
0.021
0.12
0.89
0.995
0.424
0.995
0.995
0.902
0.52
0.021
1
0.52
0.161
0.503
0.902
0.161
0.995
0.902
0.775
1
0.168
0.89
0.002
0.021
0.187
0.021
0.187
0.239
0.899
0.52
0.021
0.775
0.89
0.187
0.239
0.239
1
0.89
0.899
0.995
0.902
0.995
0.89
0.168
0.002
0.013
0.021
0.013
0.021
0.002
0.187
0.085
0.43
0.168
0.52
0.52
0.89
0.021
0.013
0.013
0.12
0.161
0.12
0.021
0.021
0.085
0.899
0.357
0.899
1
0.168
0.021
0.002
0.187
0.021
0.239
0.187
0.168
0.002
0.001
0.002
0.001
0.002
0.002
0.085
0.168
0.085
0.002
0.002
0.013
0.001
0.138
0.013
0.187
0.138
0.43
0.995
0.89
0.013
0.013
0.785
0.899
0.899
0.187
0.138
0.187
0.12
0.021
0.013
0.021
0.161
0.43
0.52
0.021
0.43
0.52
0.43
0.168
0.52
0.89
0.168
0.995
0.89
0.013
0.021
0.013
0.085
0.357
0.899
0.085
0.785
0.899
0.899
1
0.899
0.43
0.52
0.43
0.168
0.52
0.89
0.168
0.995
0.89
0.89
0.775
0.89
0.899
1
0.899
0.013
0.12
0.43
0.021
0.002
0.187
0.021
0.239
0.187
0.168
0.89
0.52
0.89
0.775
0.021
0.899
1
0.239
0.187
0.239
0.168
0.002
0.002
0.168
0.187
0.138
0.187
0.995
0.89
0.89
0.899
0.187
0.43
0.013
0.899
0.43
0.12
0.424
0.995
0.12
0.89
0.995
0.89
0.899
0.43
0.995
0.001
0.013
0.138
0.013
0.013
0.138
0.187
0.899
0.785
0.013
0.89
0.138
0.187
0.187
0.899
0.995
0.785
0.89
0.995
0.89
0.995
0.12
0.89
0.424
0.995
0.995
0.995
0.902
0.43
0.12
0.013
0.89
0.89
0.995
0.995
0.89
0.899
0.995
0.902
0.995
0.89
0.89
0.995
0.138
0.187
0.187
0.899
0.89
0.187
0.168
0.002
0.021
0.168
0.002
0.021
0.168
0.021
0.168
0.168
0.021
0.002
0.168
0.002
0.168
0.168
