0.171
0.001
0.001
0.004
0.001
0.001
0.062
0.001
0.001
0.013
0.001
0.001
0.006
0.001
0.001
0.001
0.012
0.001
0.001
0.001
0.025
0.004
0.001
0.003
0.001
0.001
0.001
0.015
0.001
0.001
0.002
0.005
0.001
0.001
0.001
0.001
0.001
0.001
0.001
0.081
0.001
0.008
0.002
0.001
0.001
0.001
0.001
0.001
0.045
0.001
0.001
0.001
0.02
0.001
0.001
0.001
0.001
0.001
0.001
0.016
0.001
0.021
0.001
0.001
0.001
0.001
0.001
0.001
0.001
0.006
0.001
0.001
0.001
0.001
0.001
0.001
0.001
0.008
0.001
0.001
0.019
0.001
0.001
0.009
0.001
0.001
0.001
0.001
0.001
0.001
0.001
0.048
0.019
0.001
0.001
0.001
0.001
0.001
0.001
0.001
0.001
0.001
0.001
0.02
0.006
0.001
0.001
0.001
0.001
0.001
0.005
0.001
0.006
0.005
0.01
0.001
0.001
0.001
0.002
0.001
0.001
0.001
0.005
0.001
0.012
0.001
0.012
0.001
0.001
0.001
0.001
0.007
0.001
0.001
0.001
0.001
0.001
0.001
0.001
0.001
0.001
0.001
0.001
0.001
0.004
0.001
0.001
0.001
0.001
0.001
0.024
0.001
0.013
0.001
0.001
0.012
0.001
0.001
0.001
0.006
0.001
0.013
0.001
0.001
0.001
0.001
0.001
0.012
0.001
0.001
0.008
0.008
0.001
0.004
0.001
0.001
0.026
0.001
0.001
0.001
0.001
0.001
0.004
0.081
0.001
0.001
0.056
0.007
0.003
0.001
0.001
0.001
0.005
0.027
0.001
0.001
0.069
0.001
0.001
0.001
0.001
0.001
0.012
0.001
0.001
0.001
0.001
0.001
0.001
0.001
0.001
0.02
0.001
0.01
0.001
0.001
0.001
0.001
0.02
0.001
0.001
0.001
0.001
0.001
0.012
0.001
0.001
0.001
0.001
0.001
0.001
0.087
0.047
0.015
0.001
0.001
0.005
0.001
0.001
0.001
0.001
0.001
0.001
0.005
0.001
0.001
0.001
0.001
0.001
0.001
0.056
0.001
0.109
0.001
0.005
0.001
0.001
0.017
0.001
0.001
0.001
0.488
0.001
0.001
0.001
0.001
0.004
0.013
0.001
0.001
0.001
0.017
0.001
0.012
0.005
0.001
0.001
0.001
0.001
0.001
0.001
0.001
0.001
0.001
0.001
0.017
0.016
0.005
0.001
0.001
0.001
0.001
0.006
0.001
0.001
0.001
0.013
0.001
0.001
0.001
0.001
0.001
0.001
