0.044
0.001
0.001
0.056
0.022
0.669
0.15
0.07
0.001
0.567
0.373
0.369
0.177
0.001
0.143
0.001
0.001
0.425
0.366
0.001
0.001
0.058
0.001
0.001
0.441
0.549
0.087
0.001
0.656
0.001
0.001
0.07
0.044
0.089
0.002
0.002
0.023
0.001
0.001
0.001
0.001
0.07
0.002
0.571
0.001
0.001
0.928
0.001
0.162
0.623
0.058
0.075
0.663
0.001
0.056
0.133
0.01
0.114
0.001
0.425
0.001
0.001
0.026
0.001
0.491
0.001
0.07
0.019
0.571
0.001
0.07
0.001
0.425
0.536
0.001
0.001
0.002
0.425
0.001
0.001
0.01
0.001
0.001
0.044
0.001
0.001
0.058
0.001
0.001
0.01
0.001
0.087
0.087
0.001
0.271
0.449
0.045
0.001
0.001
0.005
0.001
0.001
0.369
0.001
0.044
0.001
0.001
0.026
0.026
0.001
0.001
0.07
0.571
0.001
0.026
0.417
0.001
0.058
0.001
0.001
0.019
0.001
0.001
0.002
0.142
0.369
0.001
0.001
0.001
0.001
0.15
0.001
0.001
0.449
0.02
0.467
0.058
0.001
0.021
0.029
0.087
0.005
0.114
0.001
0.001
0.017
0.001
0.073
0.073
0.001
0.001
0.001
0.114
0.045
0.001
0.001
0.001
0.551
0.002
0.002
0.005
0.001
0.571
0.058
0.01
0.07
0.001
0.001
0.001
0.068
0.001
0.021
0.001
0.056
0.001
0.068
0.001
0.075
0.001
0.01
0.007
0.001
0.001
0.087
0.002
0.001
0.001
0.001
0.007
0.026
0.001
0.551
0.001
0.001
0.001
0.007
0.001
0.646
0.01
0.142
0.001
0.001
0.022
0.001
0.07
0.369
0.029
0.043
0.043
0.134
0.313
0.001
0.15
0.001
0.01
0.017
0.001
0.026
0.02
0.001
0.001
0.001
0.64
0.001
0.005
0.664
0.005
0.001
0.001
0.02
0.001
0.043
0.01
0.043
0.021
0.026
0.001
0.01
0.068
0.002
0.001
0.128
0.058
0.001
0.07
0.058
0.01
0.001
0.044
0.001
0.001
0.002
0.026
0.001
0.002
0.001
0.01
0.112
0.016
0.001
0.001
0.001
0.002
0.001
0.571
0.024
0.114
0.005
0.001
0.001
0.001
0.001
0.343
0.001
0.01
0.001
0.001
0.001
0.693
0.019
0.001
0.001
0.001
0.02
0.001
0.001
0.001
0.021
0.002
0.571
0.01
0.001
0.002
0.044
0.001
0.001
0.01
0.001
0.001
0.001
0.021
0.005
0.002
0.002
0.001
0.567
0.001
0.001
0.001
0.514
0.022
0.002
0.001
0.073
0.026
0.536
0.001
0.043
0.007
0.072
0.001
0.002
0.001
0.001
0.001
0.007
0.001
0.369
0.001
0.001
0.002
0.265
0.112
0.026
0.001
0.022
0.001
0.002
0.021
0.01
0.001
0.02
0.019
0.001
0.021
0.002
0.001
0.088
0.001
0.235
0.022
0.019
0.001
0.001
0.001
0.002
0.001
0.001
0.043
0.02
0.001
0.001
0.001
0.001
0.001
0.001
0.002
0.001
0.019
0.001
0.001
0.001
0.001
0.001
0.001
0.001
0.075
0.001
0.002
0.001
0.021
0.001
0.001
0.001
0.001
0.373
0.001
0.026
0.001
0.001
0.369
0.081
0.001
0.001
0.026
0.001
0.265
0.001
0.001
0.001
0.005
0.019
0.001
0.001
0.001
0.001
0.019
0.001
0.01
0.001
0.068
0.001
0.001
0.001
0.001
0.021
0.076
0.001
0.022
0.022
0.425
0.022
0.026
0.001
0.001
0.001
0.001
0.373
0.001
0.156
0.005
0.373
0.001
0.001
0.001
0.001
0.01
0.019
0.072
0.073
0.001
0.001
0.043
0.021
0.001
0.043
0.001
0.001
0.045
0.026
0.022
0.022
0.045
0.001
0.001
0.078
0.078
0.001
0.001
0.001
0.001
0.001
0.12
0.026
0.001
0.001
0.441
0.425
0.001
0.001
0.425
0.01
0.001
0.62
0.001
0.01
0.571
0.425
0.318
0.002
0.026
0.056
0.282
0.001
0.001
0.01
0.369
0.001
0.001
0.001
0.001
0.001
0.019
0.001
0.001
0.571
0.002
0.001
0.056
0.019
0.001
0.026
0.045
0.017
0.026
0.001
0.282
0.265
0.001
0.135
0.001
0.026
0.001
0.571
0.001
0.001
0.001
0.001
0.001
0.001
0.001
0.01
0.001
0.001
0.001
0.001
0.017
0.001
0.017
0.017
0.001
0.002
0.001
0.001
0.373
0.001
0.001
0.001
0.043
0.076
0.001
0.002
0.428
0.514
0.001
0.001
0.017
0.022
0.002
0.081
0.441
0.002
0.081
0.007
0.112
0.001
0.001
0.001
0.001
0.002
0.221
0.001
0.01
0.002
0.022
0.026
0.024
0.01
0.001
0.001
0.045
0.373
0.439
0.001
0.029
0.369
0.001
0.143
0.001
0.002
0.001
0.087
0.373
0.001
0.001
0.001
0.143
0.001
0.058
0.345
0.271
0.024
0.102
0.001
0.001
0.001
0.001
0.001
0.07
0.019
0.001
0.001
0.001
0.343
0.001
0.001
0.001
0.073
0.001
0.001
0.143
0.026
0.001
0.017
0.001
0.001
0.001
0.001
0.001
0.001
0.002
0.026
0.001
0.001
0.075
0.001
0.026
0.001
0.001
0.001
0.002
0.026
0.081
0.002
0.002
0.07
0.002
0.029
0.078
0.058
0.022
0.001
0.664
0.002
0.026
0.143
0.068
0.001
0.001
0.001
0.001
0.068
0.001
0.373
0.079
0.369
0.07
0.282
0.01
0.001
0.045
0.369
0.564
0.549
0.068
0.001
0.075
0.001
0.001
0.002
0.075
0.001
0.001
0.021
0.075
0.075
0.001
0.001
0.016
0.001
0.019
0.12
0.001
0.293
0.1
0.016
0.001
0.15
0.002
0.001
0.001
0.411
0.001
0.001
0.002
0.001
0.444
0.001
0.078
0.102
0.001
0.001
0.001
0.001
0.265
0.026
0.001
0.001
0.001
0.001
0.07
0.001
0.058
0.001
0.005
0.114
0.001
0.07
0.343
0.001
0.058
0.01
0.001
0.143
0.001
0.01
0.058
0.001
0.001
0.002
0.701
0.001
0.026
0.001
0.001
0.076
0.001
0.001
0.001
0.001
0.02
0.078
0.001
0.005
0.282
0.12
0.026
0.02
0.001
0.001
0.025
0.143
0.001
0.001
0.002
0.291
0.12
0.411
0.01
0.001
0.282
0.058
0.002
0.001
0.133
0.133
0.01
0.001
0.001
0.02
0.001
0.001
0.282
0.02
0.001
0.02
0.001
0.02
0.026
0.343
0.058
0.001
0.133
0.017
0.001
0.001
0.01
0.001
0.01
0.001
0.12
0.001
0.002
0.001
0.043
0.029
0.07
0.001
0.001
0.369
0.078
0.026
0.001
0.017
0.01
0.043
0.019
0.087
0.022
0.001
0.017
0.058
0.01
0.001
0.001
0.01
0.017
0.001
0.01
0.001
0.02
0.058
0.001
0.078
