0.84
0.85
0.662
0.506
0.373
0.85
0.609
0.35
0.239
0.151
0.662
0.35
0.182
0.103
0.047
0.506
0.239
0.103
0.043
0.034
0.373
0.151
0.047
0.034
0.013
0.85
0.174
0.887
0.796
0.68
0.174
0.858
0.672
0.521
0.384
0.887
0.672
0.445
0.286
0.208
0.796
0.521
0.286
0.176
0.105
0.68
0.384
0.208
0.105
0.057
0.662
0.887
0.718
0.9
0.85
0.887
0.917
0.845
0.713
0.609
0.718
0.845
0.655
0.495
0.35
0.9
0.713
0.495
0.323
0.239
0.85
0.609
0.35
0.239
0.151
0.506
0.796
0.9
0.84
0.908
0.796
0.174
0.906
0.85
0.765
0.9
0.906
0.805
0.662
0.547
0.84
0.85
0.662
0.506
0.373
0.908
0.765
0.547
0.373
0.266
0.373
0.68
0.85
0.908
0.718
0.68
0.893
0.984
0.894
0.845
0.85
0.984
0.872
0.777
0.655
0.908
0.894
0.777
0.625
0.495
0.718
0.845
0.655
0.495
0.35
0.85
0.174
0.887
0.796
0.68
0.174
0.858
0.672
0.521
0.384
0.887
0.672
0.445
0.286
0.208
0.796
0.521
0.286
0.176
0.105
0.68
0.384
0.208
0.105
0.057
0.609
0.858
0.917
0.174
0.893
0.858
0.004
0.891
0.805
0.691
0.917
0.891
0.75
0.609
0.474
0.174
0.805
0.609
0.434
0.309
0.893
0.691
0.474
0.309
0.212
0.35
0.672
0.845
0.906
0.984
0.672
0.891
0.84
0.901
0.858
0.845
0.84
0.884
0.789
0.672
0.906
0.901
0.789
0.646
0.521
0.984
0.858
0.672
0.521
0.384
0.239
0.521
0.713
0.85
0.894
0.521
0.805
0.901
0.174
0.911
0.713
0.901
0.919
0.887
0.818
0.85
0.174
0.887
0.796
0.68
0.894
0.911
0.818
0.68
0.577
0.151
0.384
0.609
0.765
0.845
0.384
0.691
0.858
0.911
0.84
0.609
0.858
0.917
0.915
0.884
0.765
0.911
0.915
0.867
0.789
0.845
0.84
0.884
0.789
0.672
0.662
0.887
0.718
0.9
0.85
0.887
0.917
0.845
0.713
0.609
0.718
0.845
0.655
0.495
0.35
0.9
0.713
0.495
0.323
0.239
0.85
0.609
0.35
0.239
0.151
0.35
0.672
0.845
0.906
0.984
0.672
0.891
0.84
0.901
0.858
0.845
0.84
0.884
0.789
0.672
0.906
0.901
0.789
0.646
0.521
0.984
0.858
0.672
0.521
0.384
0.182
0.445
0.655
0.805
0.872
0.445
0.75
0.884
0.919
0.917
0.655
0.884
0.097
0.894
0.845
0.805
0.919
0.894
0.818
0.713
0.872
0.917
0.845
0.713
0.609
0.103
0.286
0.495
0.662
0.777
0.286
0.609
0.789
0.887
0.915
0.495
0.789
0.894
0.718
0.906
0.662
0.887
0.718
0.9
0.85
0.777
0.915
0.906
0.85
0.765
0.047
0.208
0.35
0.547
0.655
0.208
0.474
0.672
0.818
0.884
0.35
0.672
0.845
0.906
0.097
0.547
0.818
0.906
0.919
0.894
0.655
0.884
0.097
0.894
0.845
0.506
0.796
0.9
0.84
0.908
0.796
0.174
0.906
0.85
0.765
0.9
0.906
0.805
0.662
0.547
0.84
0.85
0.662
0.506
0.373
0.908
0.765
0.547
0.373
0.266
0.239
0.521
0.713
0.85
0.894
0.521
0.805
0.901
0.174
0.911
0.713
0.901
0.919
0.887
0.818
0.85
0.174
0.887
0.796
0.68
0.894
0.911
0.818
0.68
0.577
0.103
0.286
0.495
0.662
0.777
0.286
0.609
0.789
0.887
0.915
0.495
0.789
0.894
0.718
0.906
0.662
0.887
0.718
0.9
0.85
0.777
0.915
0.906
0.85
0.765
0.043
0.176
0.323
0.506
0.625
0.176
0.434
0.646
0.796
0.867
0.323
0.646
0.818
0.9
0.919
0.506
0.796
0.9
0.84
0.908
0.625
0.867
0.919
0.908
0.872
0.034
0.105
0.239
0.373
0.495
0.105
0.309
0.521
0.68
0.789
0.239
0.521
0.713
0.85
0.894
0.373
0.68
0.85
0.908
0.718
0.495
0.789
0.894
0.718
0.906
0.373
0.68
0.85
0.908
0.718
0.68
0.893
0.984
0.894
0.845
0.85
0.984
0.872
0.777
0.655
0.908
0.894
0.777
0.625
0.495
0.718
0.845
0.655
0.495
0.35
0.151
0.384
0.609
0.765
0.845
0.384
0.691
0.858
0.911
0.84
0.609
0.858
0.917
0.915
0.884
0.765
0.911
0.915
0.867
0.789
0.845
0.84
0.884
0.789
0.672
0.047
0.208
0.35
0.547
0.655
0.208
0.474
0.672
0.818
0.884
0.35
0.672
0.845
0.906
0.097
0.547
0.818
0.906
0.919
0.894
0.655
0.884
0.097
0.894
0.845
0.034
0.105
0.239
0.373
0.495
0.105
0.309
0.521
0.68
0.789
0.239
0.521
0.713
0.85
0.894
0.373
0.68
0.85
0.908
0.718
0.495
0.789
0.894
0.718
0.906
0.013
0.057
0.151
0.266
0.35
0.057
0.212
0.384
0.577
0.672
0.151
0.384
0.609
0.765
0.845
0.266
0.577
0.765
0.872
0.906
0.35
0.672
0.845
0.906
0.097
