0.021
0.021
0.015
0.035
0.001
0.012
0.015
0.019
0.004
0.001
0.843
0.001
0.012
0.955
0.035
0.102
0.102
0.138
0.675
0.015
0.001
0.007
0.012
0.001
0.001
0.332
0.001
0.012
0.001
0.003
0.007
0.001
0.001
0.001
0.001
0.001
0.001
0.001
0.001
0.015
0.001
0.001
0.004
0.001
0.001
0.251
0.001
0.026
0.026
0.016
0.047
0.001
0.009
0.016
0.016
0.005
0.001
0.833
0.001
0.009
0.965
0.053
0.121
0.121
0.159
0.656
0.016
0.001
0.005
0.011
0.001
0.001
0.335
0.001
0.009
0.001
0.003
0.005
0.001
0.001
0.001
0.001
0.001
0.001
0.001
0.001
0.016
0.001
0.001
0.005
0.001
0.001
0.263
0.001
0.026
0.026
0.015
0.049
0.001
0.005
0.015
0.019
0.003
0.001
0.833
0.003
0.006
0.963
0.049
0.112
0.112
0.148
0.646
0.015
0.001
0.004
0.012
0.001
0.001
0.341
0.001
0.006
0.002
0.003
0.004
0.001
0.001
0.001
0.001
0.001
0.001
0.001
0.001
0.015
0.001
0.003
0.003
0.001
0.001
0.253
0.001
0.02
0.02
0.011
0.047
0.001
0.007
0.011
0.018
0.004
0.001
0.816
0.003
0.007
0.962
0.05
0.113
0.112
0.151
0.646
0.011
0.001
0.005
0.008
0.001
0.001
0.345
0.001
0.007
0.002
0.004
0.005
0.001
0.001
0.001
0.001
0.001
0.001
0.001
0.001
0.011
0.001
0.003
0.004
0.001
0.002
0.251
0.001
0.025
0.025
0.014
0.051
0.001
0.007
0.014
0.022
0.003
0.001
0.839
0.001
0.009
0.955
0.053
0.129
0.128
0.169
0.683
0.014
0.001
0.005
0.011
0.001
0.001
0.37
0.001
0.009
0.001
0.002
0.005
0.001
0.001
0.001
0.001
0.001
0.001
0.001
0.001
0.014
0.001
0.001
0.003
0.001
0.001
0.282
0.001
0.021
0.021
0.013
0.038
0.001
0.008
0.013
0.017
0.004
0.001
0.827
0.003
0.009
0.957
0.041
0.113
0.112
0.159
0.651
0.013
0.001
0.004
0.011
0.001
0.001
0.343
0.001
0.009
0.002
0.003
0.004
0.001
0.001
0.001
0.001
0.001
0.001
0.001
0.001
0.013
0.001
0.002
0.003
0.001
0.001
0.263
0.001
0.032
0.032
0.019
0.053
0.001
0.011
0.019
0.022
0.005
0.001
0.845
0.003
0.012
0.958
0.056
0.13
0.129
0.166
0.695
0.019
0.001
0.007
0.017
0.001
0.001
0.357
0.001
0.012
0.003
0.003
0.007
0.001
0.001
0.001
0.001
0.001
0.001
0.001
0.001
0.019
0.001
0.003
0.004
0.001
0.003
0.265
0.001
0.037
0.037
0.024
0.055
0.001
0.013
0.024
0.028
0.003
0.001
0.843
0.001
0.015
0.966
0.056
0.126
0.124
0.165
0.68
0.024
0.001
0.007
0.018
0.001
0.001
0.366
0.001
0.015
0.001
0.001
0.007
0.001
0.001
0.001
0.001
0.001
0.001
0.001
0.001
0.024
0.001
0.001
0.003
0.001
0.001
0.293
0.001
0.022
0.022
0.017
0.04
0.001
0.01
0.017
0.018
0.006
0.001
0.817
0.002
0.01
0.955
0.041
0.115
0.114
0.162
0.663
0.017
0.001
0.009
0.015
0.002
0.001
0.344
0.001
0.01
0.002
0.004
0.009
0.001
0.001
0.001
0.001
0.001
0.001
0.001
0.001
0.017
0.001
0.002
0.006
0.001
0.002
0.262
0.001
0.025
0.025
0.016
0.049
0.001
0.007
0.016
0.02
0.003
0.001
0.819
0.001
0.007
0.948
0.052
0.12
0.12
0.177
0.667
0.016
0.001
0.004
0.015
0.001
0.001
0.372
0.001
0.007
0.001
0.002
0.004
0.001
0.001
0.001
0.001
0.001
0.001
0.001
0.001
0.016
0.001
0.001
0.003
0.001
0.001
0.286
0.001
0.033
0.033
0.02
0.048
0.001
0.01
0.02
0.023
0.002
0.001
0.834
0.001
0.011
0.956
0.048
0.125
0.123
0.149
0.66
0.02
0.001
0.007
0.015
0.001
0.001
0.331
0.001
0.011
0.001
0.001
0.007
0.001
0.001
0.001
0.001
0.001
0.001
0.001
0.001
0.02
0.001
0.001
0.001
0.001
0.001
0.253
0.001
0.026
0.026
0.015
0.04
0.001
0.008
0.015
0.015
0.004
0.001
0.828
0.002
0.008
0.959
0.042
0.099
0.098
0.134
0.671
0.015
0.001
0.005
0.013
0.002
0.001
0.35
0.001
0.008
0.002
0.003
0.005
0.001
0.001
0.001
0.001
0.001
0.001
0.001
0.001
0.015
0.001
0.002
0.004
0.001
0.002
0.259
0.001
0.031
0.031
0.018
0.052
0.001
0.012
0.018
0.02
0.006
0.001
0.841
0.005
0.012
0.959
0.054
0.109
0.108
0.153
0.662
0.018
0.001
0.006
0.017
0.001
0.001
0.34
0.001
0.012
0.004
0.006
0.006
0.001
0.001
0.001
0.001
0.001
0.001
0.001
0.001
0.018
0.001
0.004
0.006
0.001
0.001
0.263
0.001
0.022
0.022
0.017
0.035
0.001
0.011
0.017
0.018
0.004
0.001
0.835
0.003
0.011
0.963
0.037
0.09
0.09
0.128
0.665
0.017
0.001
0.007
0.014
0.001
0.001
0.318
0.001
0.011
0.002
0.004
0.007
0.001
0.001
0.001
0.001
0.001
0.001
0.001
0.001
0.017
0.001
0.003
0.004
0.001
0.001
0.245
0.001
0.028
0.028
0.017
0.043
0.001
0.007
0.017
0.021
0.004
0.001
0.848
0.002
0.008
0.957
0.045
0.11
0.11
0.154
0.674
0.017
0.001
0.005
0.013
0.001
0.001
0.371
0.001
0.008
0.001
0.003
0.005
0.001
0.001
0.001
0.001
0.001
0.001
0.001
0.001
0.017
0.001
0.001
0.004
0.001
0.001
0.288
0.001
0.02
0.02
0.013
0.04
0.001
0.01
0.013
0.017
0.005
0.001
0.816
0.001
0.01
0.949
0.042
0.11
0.11
0.153
0.673
0.013
0.001
0.007
0.013
0.001
0.001
0.366
0.001
0.01
0.001
0.005
0.007
0.001
0.001
0.001
0.001
0.001
0.001
0.001
0.001
0.013
0.001
0.001
0.005
0.001
0.001
0.267
0.001
0.029
0.029
0.021
0.047
0.001
0.012
0.021
0.025
0.007
0.001
0.86
0.003
0.014
0.966
0.048
0.119
0.119
0.164
0.703
0.021
0.001
0.008
0.018
0.001
0.001
0.356
0.001
0.014
0.001
0.006
0.008
0.001
0.001
0.001
0.001
0.001
0.001
0.001
0.001
0.021
0.001
0.001
0.007
0.001
0.001
0.262
0.001
0.024
0.024
0.016
0.034
0.001
0.006
0.016
0.017
0.003
0.001
0.842
0.003
0.007
0.961
0.035
0.104
0.104
0.153
0.683
0.016
0.001
0.004
0.013
0.001
0.001
0.363
0.001
0.007
0.002
0.003
0.004
0.001
0.001
0.001
0.001
0.001
0.001
0.001
0.001
0.016
0.001
0.003
0.003
0.001
0.001
0.268
0.001
0.024
0.024
0.013
0.044
0.001
0.007
0.013
0.017
0.003
0.001
0.83
0.002
0.007
0.952
0.046
0.111
0.109
0.151
0.672
0.013
0.001
0.003
0.01
0.001
0.001
0.348
0.001
0.007
0.001
0.002
0.003
0.001
0.001
0.001
0.001
0.001
0.001
0.001
0.001
0.013
0.001
0.002
0.002
0.001
0.001
0.282
0.001
0.026
0.026
0.019
0.05
0.001
0.012
0.019
0.019
0.003
0.001
0.848
0.001
0.013
0.972
0.051
0.127
0.125
0.183
0.709
0.019
0.001
0.005
0.015
0.001
0.001
0.394
0.001
0.013
0.001
0.002
0.005
0.001
0.001
0.001
0.001
0.001
0.001
0.001
0.001
0.019
0.001
0.001
0.002
0.001
0.001
0.304
0.001
0.036
0.036
0.02
0.064
0.001
0.012
0.02
0.021
0.008
0.001
0.839
0.001
0.012
0.96
0.065
0.139
0.138
0.171
0.68
0.02
0.001
0.008
0.017
0.001
0.001
0.341
0.001
0.012
0.001
0.006
0.008
0.001
0.001
0.001
0.001
0.001
0.001
0.001
0.001
0.02
0.001
0.001
0.007
0.001
0.001
0.262
0.001
0.023
0.023
0.017
0.048
0.001
0.011
0.017
0.018
0.007
0.001
0.845
0.005
0.011
0.964
0.049
0.131
0.13
0.175
0.674
0.017
0.001
0.007
0.016
0.001
0.001
0.358
0.001
0.011
0.004
0.006
0.007
0.001
0.001
0.001
0.001
0.001
0.001
0.001
0.001
0.017
0.001
0.005
0.007
0.001
0.001
0.273
0.001
0.027
0.027
0.016
0.044
0.001
0.006
0.016
0.02
0.004
0.001
0.829
0.002
0.01
0.96
0.046
0.117
0.117
0.162
0.676
0.016
0.001
0.005
0.015
0.001
0.001
0.35
0.001
0.01
0.002
0.004
0.005
0.001
0.001
0.001
0.001
0.001
0.001
0.001
0.001
0.016
0.001
0.002
0.004
0.001
0.002
0.273
0.001
0.022
0.022
0.013
0.041
0.001
0.006
0.013
0.014
0.005
0.001
0.826
0.003
0.008
0.956
0.044
0.128
0.125
0.177
0.679
0.013
0.001
0.005
0.009
0.001
0.001
0.36
0.001
0.008
0.003
0.003
0.005
0.001
0.001
0.001
0.001
0.001
0.001
0.001
0.001
0.013
0.001
0.003
0.005
0.001
0.001
0.28
0.001
0.024
0.024
0.016
0.05
0.001
0.007
0.016
0.018
0.003
0.001
0.836
0.001
0.008
0.96
0.051
0.118
0.118
0.158
0.69
0.016
0.001
0.006
0.01
0.001
0.001
0.36
0.001
0.008
0.001
0.002
0.006
0.001
0.001
0.001
0.001
0.001
0.001
0.001
0.001
0.016
0.001
0.001
0.002
0.001
0.001
0.283
0.001
0.027
0.027
0.019
0.04
0.001
0.009
0.019
0.021
0.005
0.001
0.844
0.001
0.01
0.958
0.042
0.125
0.124
0.164
0.702
0.019
0.001
0.006
0.016
0.001
0.001
0.372
0.001
0.01
0.001
0.004
0.006
0.001
0.001
0.001
0.001
0.001
0.001
0.001
0.001
0.019
0.001
0.001
0.005
0.001
0.001
0.29
0.001
0.018
0.018
0.013
0.027
0.001
0.007
0.013
0.014
0.004
0.001
0.822
0.001
0.007
0.948
0.032
0.102
0.101
0.134
0.656
0.013
0.001
0.005
0.011
0.001
0.001
0.353
0.001
0.007
0.001
0.003
0.005
0.001
0.001
0.001
0.001
0.001
0.001
0.001
0.001
0.013
0.001
0.001
0.004
0.001
0.001
0.249
0.001
0.021
0.021
0.012
0.048
0.001
0.004
0.012
0.014
0.002
0.001
0.846
0.001
0.006
0.964
0.048
0.123
0.123
0.166
0.702
0.012
0.001
0.002
0.01
0.001
0.001
0.374
0.001
0.006
0.001
0.001
0.002
0.001
0.001
0.001
0.001
0.001
0.001
0.001
0.001
0.012
0.001
0.001
0.002
0.001
0.001
0.288
0.001
0.036
0.036
0.021
0.058
0.001
0.011
0.021
0.025
0.007
0.001
0.816
0.001
0.012
0.956
0.06
0.119
0.119
0.167
0.653
0.021
0.001
0.01
0.016
0.001
0.001
0.352
0.001
0.012
0.001
0.005
0.01
0.001
0.001
0.001
0.001
0.001
0.001
0.001
0.001
0.021
0.001
0.001
0.006
0.001
0.001
0.275
0.001
0.032
0.032
0.018
0.051
0.001
0.009
0.018
0.021
0.005
0.001
0.845
0.002
0.009
0.957
0.052
0.113
0.11
0.149
0.689
0.018
0.001
0.009
0.016
0.001
0.001
0.345
0.001
0.009
0.002
0.004
0.009
0.001
0.001
0.001
0.001
0.001
0.001
0.001
0.001
0.018
0.001
0.002
0.005
0.001
0.001
0.265
0.001
0.024
0.024
0.018
0.039
0.001
0.007
0.018
0.019
0.003
0.001
0.844
0.001
0.009
0.958
0.042
0.106
0.106
0.146
0.663
0.018
0.001
0.004
0.014
0.001
0.001
0.361
0.001
0.009
0.001
0.001
0.004
0.001
0.001
0.001
0.001
0.001
0.001
0.001
0.001
0.018
0.001
0.001
0.002
0.001
0.001
0.266
0.001
0.028
0.028
0.016
0.041
0.001
0.008
0.016
0.02
0.007
0.001
0.835
0.003
0.009
0.956
0.041
0.115
0.115
0.155
0.685
0.016
0.001
0.007
0.013
0.001
0.001
0.372
0.001
0.009
0.003
0.005
0.007
0.001
0.001
0.001
0.001
0.001
0.001
0.001
0.001
0.016
0.001
0.003
0.005
0.001
0.002
0.282
0.001
0.032
0.032
0.023
0.053
0.001
0.012
0.023
0.025
0.01
0.001
0.847
0.004
0.014
0.966
0.053
0.122
0.121
0.155
0.701
0.023
0.001
0.01
0.018
0.001
0.001
0.353
0.001
0.014
0.004
0.007
0.01
0.001
0.001
0.001
0.001
0.001
0.001
0.001
0.001
0.023
0.001
0.004
0.007
0.001
0.003
0.265
0.001
0.026
0.026
0.015
0.051
0.001
0.008
0.015
0.019
0.005
0.001
0.837
0.004
0.008
0.953
0.054
0.125
0.124
0.176
0.679
0.015
0.001
0.006
0.013
0.001
0.001
0.364
0.001
0.008
0.004
0.005
0.006
0.001
0.001
0.001
0.001
0.001
0.001
0.001
0.001
0.015
0.001
0.004
0.005
0.001
0.002
0.276
0.001
0.026
0.026
0.018
0.051
0.001
0.01
0.018
0.022
0.002
0.001
0.839
0.001
0.01
0.968
0.051
0.105
0.105
0.145
0.679
0.018
0.001
0.006
0.014
0.001
0.001
0.336
0.001
0.01
0.001
0.001
0.006
0.001
0.001
0.001
0.001
0.001
0.001
0.001
0.001
0.018
0.001
0.001
0.001
0.001
0.001
0.257
0.001
0.034
0.034
0.022
0.048
0.001
0.011
0.022
0.026
0.005
0.001
0.816
0.003
0.011
0.966
0.049
0.114
0.112
0.161
0.668
0.022
0.001
0.008
0.019
0.001
0.001
0.369
0.001
0.011
0.002
0.004
0.008
0.001
0.001
0.001
0.001
0.001
0.001
0.001
0.001
0.022
0.001
0.002
0.005
0.001
0.001
0.278
0.001
0.033
0.033
0.018
0.06
0.001
0.012
0.018
0.021
0.005
0.001
0.831
0.003
0.012
0.957
0.06
0.135
0.134
0.165
0.648
0.018
0.001
0.007
0.015
0.001
0.001
0.35
0.001
0.012
0.002
0.005
0.007
0.001
0.001
0.001
0.001
0.001
0.001
0.001
0.001
0.018
0.001
0.003
0.005
0.001
0.001
0.275
0.001
0.031
0.031
0.023
0.043
0.001
0.016
0.023
0.025
0.007
0.001
0.825
0.001
0.018
0.956
0.043
0.096
0.095
0.152
0.652
0.023
0.001
0.012
0.021
0.001
0.001
0.344
0.001
0.018
0.001
0.003
0.012
0.001
0.001
0.001
0.001
0.001
0.001
0.001
0.001
0.023
0.001
0.001
0.004
0.001
0.001
0.258
0.001
0.019
0.019
0.009
0.037
0.001
0.007
0.009
0.012
0.002
0.001
0.837
0.001
0.007
0.971
0.038
0.106
0.104
0.145
0.67
0.009
0.001
0.006
0.009
0.001
0.001
0.336
0.001
0.007
0.001
0.001
0.006
0.001
0.001
0.001
0.001
0.001
0.001
0.001
0.001
0.009
0.001
0.001
0.001
0.001
0.001
0.244
0.001
0.033
0.033
0.018
0.052
0.001
0.012
0.018
0.024
0.006
0.001
0.823
0.002
0.012
0.962
0.052
0.115
0.112
0.153
0.664
0.018
0.001
0.009
0.015
0.001
0.001
0.349
0.001
0.012
0.001
0.004
0.009
0.001
0.001
0.001
0.001
0.001
0.001
0.001
0.001
0.018
0.001
0.002
0.005
0.001
0.001
0.272
0.001
0.025
0.025
0.011
0.041
0.001
0.007
0.011
0.016
0.004
0.001
0.843
0.002
0.007
0.957
0.043
0.127
0.127
0.172
0.678
0.011
0.001
0.005
0.009
0.001
0.001
0.36
0.001
0.007
0.001
0.004
0.005
0.001
0.001
0.001
0.001
0.001
0.001
0.001
0.001
0.011
0.001
0.002
0.004
0.001
0.001
0.287
0.001
0.019
0.019
0.014
0.031
0.001
0.007
0.014
0.017
0.005
0.001
0.836
0.003
0.008
0.963
0.032
0.098
0.097
0.142
0.689
0.014
0.001
0.005
0.012
0.001
0.001
0.351
0.001
0.008
0.003
0.003
0.005
0.001
0.001
0.001
0.001
0.001
0.001
0.001
0.001
0.014
0.001
0.003
0.005
0.001
0.001
0.273
0.001
0.028
0.028
0.016
0.048
0.001
0.009
0.016
0.02
0.001
0.001
0.839
0.001
0.009
0.962
0.049
0.118
0.118
0.148
0.682
0.016
0.001
0.003
0.012
0.001
0.001
0.357
0.001
0.009
0.001
0.001
0.003
0.001
0.001
0.001
0.001
0.001
0.001
0.001
0.001
0.016
0.001
0.001
0.001
0.001
0.001
0.284
0.001
0.023
0.023
0.017
0.042
0.001
0.009
0.017
0.02
0.006
0.001
0.824
0.001
0.011
0.96
0.044
0.104
0.104
0.151
0.663
0.017
0.001
0.007
0.013
0.001
0.001
0.34
0.001
0.011
0.001
0.005
0.007
0.001
0.001
0.001
0.001
0.001
0.001
0.001
0.001
0.017
0.001
0.001
0.006
0.001
0.001
0.258
0.001
0.029
0.029
0.018
0.04
0.001
0.008
0.018
0.023
0.004
0.001
0.822
0.002
0.01
0.949
0.043
0.111
0.11
0.151
0.674
0.018
0.001
0.005
0.014
0.001
0.001
0.342
0.001
0.01
0.002
0.003
0.005
0.001
0.001
0.001
0.001
0.001
0.001
0.001
0.001
0.018
0.001
0.002
0.004
0.001
0.001
0.26
0.001
0.033
0.033
0.019
0.049
0.001
0.01
0.019
0.026
0.004
0.001
0.828
0.001
0.011
0.959
0.05
0.106
0.106
0.15
0.668
0.019
0.001
0.005
0.016
0.001
0.001
0.342
0.001
0.011
0.001
0.004
0.005
0.001
0.001
0.001
0.001
0.001
0.001
0.001
0.001
0.019
0.001
0.001
0.004
0.001
0.001
0.258
0.001
0.021
0.021
0.014
0.036
0.001
0.009
0.014
0.016
0.003
0.001
0.817
0.001
0.01
0.947
0.037
0.1
0.1
0.138
0.652
0.014
0.001
0.005
0.012
0.001
0.001
0.344
0.001
0.01
0.001
0.002
0.005
0.001
0.001
0.001
0.001
0.001
0.001
0.001
0.001
0.014
0.001
0.001
0.002
0.001
0.001
0.244
0.001
0.023
0.023
0.015
0.038
0.001
0.011
0.015
0.018
0.005
0.001
0.818
0.002
0.011
0.96
0.04
0.104
0.104
0.142
0.654
0.015
0.001
0.005
0.015
0.001
0.001
0.345
0.001
0.011
0.002
0.004
0.005
0.001
0.001
0.001
0.001
0.001
0.001
0.001
0.001
0.015
0.001
0.002
0.005
0.001
0.001
0.259
0.001
0.021
0.021
0.012
0.042
0.001
0.007
0.012
0.015
0.003
0.001
0.836
0.002
0.008
0.965
0.044
0.098
0.098
0.137
0.675
0.012
0.001
0.004
0.01
0.001
0.001
0.359
0.001
0.008
0.001
0.002
0.004
0.001
0.001
0.001
0.001
0.001
0.001
0.001
0.001
0.012
0.001
0.002
0.003
0.001
0.001
0.263
0.001
0.03
0.03
0.019
0.051
0.001
0.013
0.019
0.02
0.008
0.001
0.83
0.004
0.014
0.954
0.052
0.12
0.12
0.164
0.673
0.019
0.001
0.008
0.017
0.001
0.001
0.361
0.001
0.014
0.003
0.007
0.008
0.001
0.001
0.001
0.001
0.001
0.001
0.001
0.001
0.019
0.001
0.004
0.007
0.001
0.002
0.275
0.001
0.031
0.031
0.021
0.059
0.001
0.015
0.021
0.023
0.007
0.001
0.83
0.002
0.015
0.958
0.062
0.128
0.127
0.168
0.667
0.021
0.001
0.008
0.019
0.001
0.001
0.377
0.001
0.015
0.002
0.004
0.008
0.001
0.001
0.001
0.001
0.001
0.001
0.001
0.001
0.021
0.001
0.002
0.006
0.001
0.001
0.284
0.001
0.023
0.023
0.014
0.042
0.001
0.01
0.014
0.017
0.004
0.001
0.825
0.002
0.012
0.96
0.046
0.118
0.117
0.161
0.658
0.014
0.001
0.008
0.013
0.001
0.001
0.341
0.001
0.012
0.002
0.003
0.008
0.001
0.001
0.001
0.001
0.001
0.001
0.001
0.001
0.014
0.001
0.002
0.004
0.001
0.002
0.26
0.001
0.022
0.022
0.013
0.038
0.001
0.008
0.013
0.014
0.003
0.001
0.832
0.003
0.008
0.964
0.04
0.104
0.103
0.152
0.679
0.013
0.001
0.004
0.011
0.001
0.001
0.35
0.001
0.008
0.002
0.003
0.004
0.001
0.001
0.001
0.001
0.001
0.001
0.001
0.001
0.013
0.001
0.003
0.003
0.001
0.001
0.258
0.001
0.032
0.032
0.023
0.057
0.001
0.017
0.023
0.026
0.01
0.001
0.861
0.001
0.017
0.967
0.058
0.121
0.121
0.179
0.683
0.023
0.001
0.011
0.019
0.001
0.001
0.369
0.001
0.017
0.001
0.006
0.011
0.001
0.001
0.001
0.001
0.001
0.001
0.001
0.001
0.023
0.001
0.001
0.009
0.001
0.001
0.283
0.001
0.031
0.031
0.018
0.049
0.001
0.013
0.018
0.024
0.006
0.001
0.851
0.001
0.013
0.953
0.051
0.135
0.133
0.199
0.692
0.018
0.001
0.009
0.016
0.001
0.001
0.397
0.001
0.013
0.001
0.002
0.009
0.001
0.001
0.001
0.001
0.001
0.001
0.001
0.001
0.018
0.001
0.001
0.005
0.001
0.001
0.313
0.001
0.028
0.028
0.015
0.049
0.001
0.009
0.015
0.02
0.007
0.001
0.836
0.003
0.009
0.962
0.053
0.135
0.134
0.181
0.687
0.015
0.001
0.008
0.012
0.001
0.001
0.377
0.001
0.009
0.002
0.006
0.008
0.001
0.001
0.001
0.001
0.001
0.001
0.001
0.001
0.015
0.001
0.003
0.007
0.001
0.002
0.289
0.001
0.016
0.016
0.012
0.027
0.001
0.006
0.012
0.012
0.001
0.001
0.826
0.001
0.007
0.951
0.029
0.096
0.095
0.146
0.677
0.012
0.001
0.002
0.009
0.001
0.001
0.342
0.001
0.007
0.001
0.001
0.002
0.001
0.001
0.001
0.001
0.001
0.001
0.001
0.001
0.012
0.001
0.001
0.001
0.001
0.001
0.265
0.001
0.026
0.026
0.014
0.047
0.001
0.008
0.014
0.019
0.002
0.001
0.844
0.001
0.008
0.951
0.049
0.117
0.116
0.159
0.68
0.014
0.001
0.005
0.011
0.001
0.001
0.363
0.001
0.008
0.001
0.001
0.005
0.001
0.001
0.001
0.001
0.001
0.001
0.001
0.001
0.014
0.001
0.001
0.002
0.001
0.001
0.277
0.001
0.032
0.032
0.021
0.051
0.001
0.014
0.021
0.024
0.006
0.001
0.83
0.002
0.015
0.964
0.052
0.112
0.111
0.148
0.644
0.021
0.001
0.008
0.017
0.001
0.001
0.34
0.001
0.015
0.002
0.005
0.008
0.001
0.001
0.001
0.001
0.001
0.001
0.001
0.001
0.021
0.001
0.002
0.006
0.001
0.001
0.244
0.001
0.026
0.026
0.018
0.044
0.001
0.009
0.018
0.022
0.005
0.001
0.853
0.001
0.01
0.965
0.045
0.108
0.107
0.15
0.688
0.018
0.001
0.006
0.014
0.001
0.001
0.367
0.001
0.01
0.001
0.003
0.006
0.001
0.001
0.001
0.001
0.001
0.001
0.001
0.001
0.018
0.001
0.001
0.004
0.001
0.001
0.28
0.001
0.028
0.028
0.016
0.049
0.001
0.01
0.016
0.02
0.007
0.001
0.865
0.004
0.01
0.961
0.053
0.124
0.124
0.173
0.721
0.016
0.001
0.01
0.013
0.002
0.001
0.384
0.001
0.01
0.003
0.006
0.01
0.001
0.001
0.001
0.001
0.001
0.001
0.001
0.001
0.016
0.001
0.003
0.007
0.001
0.002
0.291
0.002
0.031
0.031
0.02
0.048
0.001
0.012
0.02
0.024
0.008
0.001
0.832
0.005
0.013
0.958
0.049
0.107
0.106
0.143
0.678
0.02
0.001
0.009
0.018
0.001
0.001
0.335
0.001
0.013
0.004
0.008
0.009
0.001
0.001
0.001
0.001
0.001
0.001
0.001
0.001
0.02
0.001
0.005
0.008
0.001
0.003
0.265
0.001
0.027
0.027
0.011
0.052
0.001
0.006
0.011
0.019
0.003
0.001
0.844
0.001
0.006
0.953
0.053
0.111
0.11
0.152
0.679
0.011
0.001
0.004
0.007
0.001
0.001
0.349
0.001
0.006
0.001
0.002
0.004
0.001
0.001
0.001
0.001
0.001
0.001
0.001
0.001
0.011
0.001
0.001
0.003
0.001
0.001
0.261
0.001
0.018
0.018
0.016
0.037
0.001
0.008
0.016
0.018
0.004
0.001
0.837
0.001
0.008
0.966
0.037
0.124
0.123
0.173
0.669
0.016
0.001
0.005
0.01
0.001
0.001
0.363
0.001
0.008
0.001
0.002
0.005
0.001
0.001
0.001
0.001
0.001
0.001
0.001
0.001
0.016
0.001
0.001
0.004
0.001
0.001
0.283
0.001
0.03
0.03
0.021
0.056
0.001
0.011
0.021
0.022
0.004
0.001
0.828
0.003
0.012
0.961
0.059
0.128
0.128
0.16
0.683
0.021
0.001
0.006
0.018
0.002
0.001
0.372
0.001
0.012
0.003
0.003
0.006
0.001
0.001
0.001
0.001
0.001
0.001
0.001
0.001
0.021
0.001
0.003
0.004
0.001
0.003
0.283
0.001
0.032
0.032
0.017
0.061
0.001
0.008
0.017
0.019
0.003
0.001
0.848
0.001
0.009
0.964
0.063
0.134
0.133
0.179
0.676
0.017
0.001
0.005
0.015
0.001
0.001
0.372
0.001
0.009
0.001
0.002
0.005
0.001
0.001
0.001
0.001
0.001
0.001
0.001
0.001
0.017
0.001
0.001
0.002
0.001
0.001
0.292
0.001
0.022
0.022
0.016
0.044
0.001
0.008
0.016
0.018
0.003
0.001
0.828
0.002
0.01
0.951
0.045
0.122
0.121
0.175
0.657
0.016
0.001
0.004
0.011
0.002
0.001
0.366
0.001
0.01
0.002
0.003
0.004
0.001
0.001
0.001
0.001
0.001
0.001
0.001
0.001
0.016
0.001
0.002
0.003
0.001
0.002
0.284
0.001
0.028
0.028
0.018
0.048
0.001
0.01
0.018
0.019
0.007
0.001
0.846
0.001
0.011
0.952
0.048
0.123
0.123
0.161
0.667
0.018
0.001
0.008
0.015
0.001
0.001
0.357
0.001
0.011
0.001
0.005
0.008
0.001
0.001
0.001
0.001
0.001
0.001
0.001
0.001
0.018
0.001
0.001
0.007
0.001
0.001
0.286
0.001
0.025
0.025
0.012
0.051
0.001
0.008
0.012
0.017
0.004
0.001
0.832
0.001
0.008
0.96
0.052
0.119
0.118
0.168
0.683
0.012
0.001
0.005
0.01
0.001
0.001
0.362
0.001
0.008
0.001
0.004
0.005
0.001
0.001
0.001
0.001
0.001
0.001
0.001
0.001
0.012
0.001
0.001
0.004
0.001
0.001
0.276
0.001
0.02
0.02
0.013
0.039
0.001
0.004
0.013
0.014
0.003
0.001
0.83
0.002
0.004
0.961
0.04
0.108
0.108
0.149
0.663
0.013
0.001
0.004
0.01
0.001
0.001
0.33
0.001
0.004
0.002
0.003
0.004
0.001
0.001
0.001
0.001
0.001
0.001
0.001
0.001
0.013
0.001
0.002
0.003
0.001
0.001
0.259
0.001
0.028
0.028
0.015
0.046
0.001
0.009
0.015
0.018
0.005
0.001
0.844
0.002
0.009
0.957
0.046
0.106
0.106
0.144
0.667
0.015
0.001
0.005
0.014
0.001
0.001
0.342
0.001
0.009
0.002
0.005
0.005
0.001
0.001
0.001
0.001
0.001
0.001
0.001
0.001
0.015
0.001
0.002
0.005
0.001
0.001
0.262
0.001
0.031
0.031
0.021
0.054
0.001
0.011
0.021
0.023
0.007
0.001
0.838
0.004
0.012
0.96
0.054
0.107
0.104
0.16
0.676
0.021
0.001
0.009
0.016
0.003
0.001
0.369
0.001
0.012
0.003
0.006
0.009
0.001
0.001
0.001
0.001
0.001
0.001
0.001
0.001
0.021
0.001
0.004
0.006
0.001
0.003
0.274
0.001
0.029
0.029
0.022
0.042
0.001
0.015
0.022
0.023
0.009
0.001
0.844
0.002
0.016
0.96
0.043
0.126
0.126
0.17
0.674
0.022
0.001
0.012
0.019
0.001
0.001
0.339
0.001
0.016
0.001
0.004
0.012
0.001
0.001
0.001
0.001
0.001
0.001
0.001
0.001
0.022
0.001
0.002
0.006
0.001
0.001
0.257
0.001
0.021
0.021
0.013
0.045
0.001
0.008
0.013
0.015
0.004
0.001
0.824
0.001
0.008
0.953
0.045
0.105
0.102
0.145
0.646
0.013
0.001
0.004
0.011
0.001
0.001
0.325
0.001
0.008
0.001
0.003
0.004
0.001
0.001
0.001
0.001
0.001
0.001
0.001
0.001
0.013
0.001
0.001
0.003
0.001
0.001
0.236
0.001
0.028
0.028
0.018
0.043
0.001
0.01
0.018
0.022
0.007
0.001
0.814
0.004
0.011
0.946
0.044
0.103
0.102
0.14
0.666
0.018
0.001
0.008
0.015
0.002
0.001
0.353
0.001
0.011
0.002
0.005
0.008
0.001
0.001
0.001
0.001
0.001
0.001
0.001
0.001
0.018
0.001
0.004
0.006
0.001
0.002
0.264
0.001
0.034
0.034
0.021
0.054
0.001
0.014
0.021
0.023
0.008
0.001
0.833
0.004
0.015
0.964
0.057
0.136
0.135
0.178
0.694
0.021
0.001
0.01
0.019
0.001
0.001
0.383
0.001
0.015
0.003
0.007
0.01
0.001
0.001
0.001
0.001
0.001
0.001
0.001
0.001
0.021
0.001
0.003
0.007
0.001
0.002
0.295
0.001
0.034
0.034
0.025
0.053
0.001
0.015
0.025
0.028
0.01
0.001
0.828
0.001
0.017
0.951
0.053
0.131
0.13
0.164
0.668
0.025
0.001
0.011
0.022
0.001
0.001
0.352
0.001
0.017
0.001
0.004
0.011
0.001
0.001
0.001
0.001
0.001
0.001
0.001
0.001
0.025
0.001
0.001
0.007
0.001
0.001
0.27
0.001
0.02
0.02
0.012
0.036
0.001
0.004
0.012
0.015
0.003
0.001
0.822
0.002
0.004
0.958
0.04
0.096
0.096
0.144
0.672
0.012
0.001
0.004
0.009
0.001
0.001
0.339
0.001
0.004
0.001
0.003
0.004
0.001
0.001
0.001
0.001
0.001
0.001
0.001
0.001
0.012
0.001
0.001
0.003
0.001
0.001
0.263
0.001
0.028
0.028
0.017
0.04
0.001
0.012
0.017
0.02
0.004
0.001
0.83
0.001
0.013
0.948
0.042
0.098
0.098
0.147
0.662
0.017
0.001
0.006
0.014
0.001
0.001
0.337
0.001
0.013
0.001
0.004
0.006
0.001
0.001
0.001
0.001
0.001
0.001
0.001
0.001
0.017
0.001
0.001
0.004
0.001
0.001
0.255
0.001
0.027
0.027
0.017
0.049
0.001
0.011
0.017
0.019
0.006
0.001
0.84
0.002
0.011
0.958
0.051
0.11
0.11
0.147
0.696
0.017
0.001
0.007
0.017
0.001
0.001
0.367
0.001
0.011
0.002
0.005
0.007
0.001
0.001
0.001
0.001
0.001
0.001
0.001
0.001
0.017
0.001
0.002
0.005
0.001
0.002
0.269
0.001
0.023
0.023
0.012
0.044
0.001
0.009
0.012
0.016
0.002
0.001
0.843
0.002
0.01
0.959
0.047
0.122
0.12
0.165
0.683
0.012
0.001
0.004
0.011
0.001
0.001
0.346
0.001
0.01
0.002
0.002
0.004
0.001
0.001
0.001
0.001
0.001
0.001
0.001
0.001
0.012
0.001
0.002
0.002
0.001
0.001
0.276
0.001
0.029
0.029
0.018
0.048
0.001
0.008
0.018
0.023
0.004
0.001
0.816
0.002
0.009
0.948
0.049
0.108
0.108
0.15
0.656
0.018
0.001
0.004
0.015
0.001
0.001
0.334
0.001
0.009
0.001
0.003
0.004
0.001
0.001
0.001
0.001
0.001
0.001
0.001
0.001
0.018
0.001
0.002
0.003
0.001
0.001
0.254
0.001
0.016
0.016
0.011
0.042
0.001
0.006
0.011
0.011
0.002
0.001
0.859
0.001
0.008
0.973
0.043
0.118
0.118
0.156
0.693
0.011
0.001
0.002
0.009
0.001
0.001
0.367
0.001
0.008
0.001
0.001
0.002
0.001
0.001
0.001
0.001
0.001
0.001
0.001
0.001
0.011
0.001
0.001
0.002
0.001
0.001
0.284
0.001
0.028
0.028
0.017
0.055
0.001
0.01
0.017
0.02
0.008
0.001
0.852
0.002
0.013
0.962
0.056
0.12
0.12
0.154
0.693
0.017
0.001
0.009
0.016
0.001
0.001
0.361
0.001
0.013
0.002
0.006
0.009
0.001
0.001
0.001
0.001
0.001
0.001
0.001
0.001
0.017
0.001
0.002
0.007
0.001
0.001
0.284
0.001
0.024
0.024
0.013
0.043
0.001
0.005
0.013
0.017
0.004
0.001
0.85
0.001
0.007
0.965
0.046
0.102
0.102
0.156
0.69
0.013
0.001
0.005
0.011
0.001
0.001
0.35
0.001
0.007
0.001
0.003
0.005
0.001
0.001
0.001
0.001
0.001
0.001
0.001
0.001
0.013
0.001
0.001
0.003
0.001
0.001
0.271
0.001
0.026
0.026
0.015
0.047
0.001
0.009
0.015
0.019
0.004
0.001
0.838
0.001
0.01
0.961
0.048
0.106
0.105
0.151
0.655
0.015
0.001
0.005
0.013
0.001
0.001
0.354
0.001
0.01
0.001
0.003
0.005
0.001
0.001
0.001
0.001
0.001
0.001
0.001
0.001
0.015
0.001
0.001
0.003
0.001
0.001
0.258
0.001
0.024
0.024
0.016
0.047
0.001
0.011
0.016
0.021
0.003
0.001
0.834
0.001
0.011
0.949
0.048
0.127
0.126
0.175
0.673
0.016
0.001
0.006
0.012
0.001
0.001
0.349
0.001
0.011
0.001
0.002
0.006
0.001
0.001
0.001
0.001
0.001
0.001
0.001
0.001
0.016
0.001
0.001
0.003
0.001
0.001
0.276
0.001
0.026
0.026
0.021
0.049
0.001
0.011
0.021
0.022
0.006
0.001
0.822
0.001
0.012
0.956
0.049
0.099
0.098
0.155
0.674
0.021
0.001
0.006
0.016
0.001
0.001
0.341
0.001
0.012
0.001
0.006
0.006
0.001
0.001
0.001
0.001
0.001
0.001
0.001
0.001
0.021
0.001
0.001
0.006
0.001
0.001
0.254
0.001
0.023
0.023
0.016
0.049
0.001
0.009
0.016
0.018
0.005
0.001
0.834
0.001
0.01
0.973
0.055
0.126
0.123
0.159
0.654
0.016
0.001
0.005
0.014
0.001
0.001
0.338
0.001
0.01
0.001
0.003
0.005
0.001
0.001
0.001
0.001
0.001
0.001
0.001
0.001
0.016
0.001
0.001
0.004
0.001
0.001
0.263
0.001
0.03
0.03
0.018
0.054
0.001
0.012
0.018
0.021
0.008
0.001
0.809
0.001
0.012
0.969
0.054
0.124
0.124
0.165
0.66
0.018
0.001
0.011
0.013
0.001
0.001
0.345
0.001
0.012
0.001
0.004
0.011
0.001
0.001
0.001
0.001
0.001
0.001
0.001
0.001
0.018
0.001
0.001
0.005
0.001
0.001
0.268
0.001
0.023
0.023
0.021
0.047
0.001
0.016
0.021
0.022
0.011
0.001
0.841
0.009
0.016
0.955
0.049
0.131
0.131
0.178
0.687
0.021
0.001
0.011
0.019
0.003
0.001
0.379
0.001
0.016
0.004
0.01
0.011
0.001
0.001
0.001
0.001
0.001
0.001
0.001
0.001
0.021
0.001
0.008
0.01
0.001
0.004
0.29
0.001
0.03
0.03
0.017
0.055
0.001
0.011
0.017
0.023
0.004
0.001
0.828
0.001
0.012
0.959
0.056
0.124
0.124
0.164
0.672
0.017
0.001
0.008
0.013
0.001
0.001
0.359
0.001
0.012
0.001
0.002
0.008
0.001
0.001
0.001
0.001
0.001
0.001
0.001
0.001
0.017
0.001
0.001
0.003
0.001
0.001
0.271
0.001
0.031
0.031
0.02
0.05
0.001
0.011
0.02
0.021
0.007
0.001
0.854
0.005
0.011
0.96
0.052
0.123
0.123
0.165
0.683
0.02
0.001
0.007
0.016
0.003
0.001
0.369
0.001
0.011
0.005
0.007
0.007
0.001
0.001
0.001
0.001
0.001
0.001
0.001
0.001
0.02
0.001
0.005
0.007
0.001
0.003
0.295
0.001
0.028
0.028
0.015
0.05
0.001
0.008
0.015
0.018
0.005
0.001
0.834
0.003
0.009
0.954
0.05
0.117
0.116
0.165
0.668
0.015
0.001
0.006
0.011
0.001
0.001
0.357
0.001
0.009
0.001
0.003
0.006
0.001
0.001
0.001
0.001
0.001
0.001
0.001
0.001
0.015
0.001
0.003
0.005
0.001
0.001
0.273
0.001
0.016
0.016
0.01
0.033
0.001
0.008
0.01
0.014
0.003
0.001
0.841
0.003
0.008
0.959
0.036
0.098
0.096
0.144
0.674
0.01
0.001
0.004
0.008
0.001
0.001
0.351
0.001
0.008
0.003
0.003
0.004
0.001
0.001
0.001
0.001
0.001
0.001
0.001
0.001
0.01
0.001
0.003
0.003
0.001
0.001
0.261
0.001
0.024
0.024
0.014
0.053
0.001
0.008
0.014
0.02
0.002
0.001
0.853
0.001
0.009
0.96
0.057
0.134
0.133
0.173
0.7
0.014
0.001
0.003
0.013
0.001
0.001
0.363
0.001
0.009
0.001
0.001
0.003
0.001
0.001
0.001
0.001
0.001
0.001
0.001
0.001
0.014
0.001
0.001
0.001
0.001
0.001
0.288
0.001
0.028
0.028
0.019
0.057
0.001
0.012
0.019
0.023
0.006
0.001
0.829
0.003
0.014
0.959
0.057
0.128
0.127
0.176
0.675
0.019
0.001
0.006
0.016
0.002
0.001
0.378
0.001
0.014
0.002
0.005
0.006
0.001
0.001
0.001
0.001
0.001
0.001
0.001
0.001
0.019
0.001
0.003
0.006
0.001
0.002
0.293
0.002
0.021
0.021
0.014
0.042
0.001
0.012
0.014
0.017
0.007
0.001
0.833
0.003
0.012
0.958
0.044
0.115
0.113
0.156
0.687
0.014
0.001
0.008
0.014
0.001
0.001
0.35
0.001
0.012
0.002
0.006
0.008
0.001
0.001
0.001
0.001
0.001
0.001
0.001
0.001
0.014
0.001
0.002
0.007
0.001
0.001
0.274
0.001
0.026
0.026
0.021
0.048
0.001
0.015
0.021
0.025
0.007
0.001
0.839
0.002
0.015
0.955
0.049
0.105
0.105
0.15
0.691
0.021
0.001
0.009
0.017
0.001
0.001
0.376
0.001
0.015
0.001
0.005
0.009
0.001
0.001
0.001
0.001
0.001
0.001
0.001
0.001
0.021
0.001
0.002
0.005
0.001
0.001
0.283
0.001
0.025
0.025
0.015
0.042
0.001
0.008
0.015
0.015
0.006
0.001
0.852
0.004
0.009
0.968
0.044
0.122
0.119
0.167
0.677
0.015
0.001
0.006
0.012
0.001
0.001
0.351
0.001
0.009
0.002
0.005
0.006
0.001
0.001
0.001
0.001
0.001
0.001
0.001
0.001
0.015
0.001
0.004
0.005
0.001
0.002
0.27
0.001
