0.049
0.001
0.14
0.001
0.008
0.001
0.001
0.635
0.439
0.042
0.004
0.121
0.14
0.13
0.277
0.579
0.004
0.007
0.001
0.081
0.126
0.025
0.531
0.004
0.07
0.001
0.008
0.02
0.001
0.001
0.184
0.154
0.091
0.017
0.001
0.001
0.004
0.004
0.14
0.998
0.27
0.001
0.241
0.004
0.001
0.001
0.292
0.001
0.022
0.001
0.001
0.27
0.001
0.635
0.001
0.007
0.13
0.126
0.189
0.008
0.137
0.172
0.001
0.008
0.004
0.042
0.062
0.001
0.118
0.008
0.154
0.001
0.243
0.081
0.635
0.018
0.042
0.924
0.017
0.112
0.001
0.145
0.001
0.008
0.001
0.635
0.001
0.635
0.07
0.004
0.006
0.001
0.27
0.007
0.001
0.017
0.015
0.857
0.008
0.095
0.453
0.038
0.002
0.147
0.004
0.004
0.002
0.002
0.642
0.429
0.031
0.004
0.113
0.147
0.125
0.289
0.583
0.004
0.004
0.002
0.065
0.118
0.02
0.515
0.004
0.051
0.002
0.005
0.016
0.002
0.004
0.19
0.159
0.076
0.01
0.002
0.002
0.004
0.004
0.147
0.998
0.279
0.002
0.236
0.004
0.002
0.002
0.308
0.002
0.018
0.004
0.002
0.279
0.002
0.642
0.002
0.004
0.125
0.118
0.192
0.005
0.141
0.171
0.002
0.005
0.004
0.031
0.046
0.002
0.113
0.004
0.159
0.004
0.243
0.065
0.642
0.01
0.031
0.909
0.01
0.109
0.002
0.15
0.002
0.005
0.002
0.642
0.002
0.642
0.051
0.004
0.004
0.002
0.279
0.004
0.002
0.01
0.007
0.847
0.004
0.088
0.446
0.051
0.001
0.13
0.002
0.004
0.001
0.001
0.65
0.44
0.042
0.004
0.11
0.13
0.119
0.296
0.579
0.003
0.004
0.001
0.069
0.114
0.025
0.515
0.003
0.066
0.001
0.005
0.018
0.001
0.002
0.178
0.145
0.079
0.013
0.001
0.001
0.003
0.003
0.13
0.997
0.284
0.001
0.235
0.004
0.001
0.001
0.305
0.001
0.022
0.002
0.001
0.284
0.001
0.65
0.001
0.004
0.119
0.114
0.182
0.005
0.128
0.16
0.001
0.005
0.004
0.039
0.063
0.001
0.108
0.004
0.145
0.002
0.239
0.069
0.65
0.013
0.039
0.91
0.013
0.103
0.001
0.135
0.001
0.005
0.001
0.65
0.001
0.65
0.066
0.002
0.004
0.001
0.284
0.004
0.001
0.013
0.011
0.858
0.004
0.087
0.455
0.045
0.001
0.142
0.004
0.01
0.004
0.001
0.604
0.416
0.036
0.008
0.109
0.142
0.121
0.269
0.548
0.008
0.01
0.001
0.064
0.116
0.029
0.491
0.005
0.058
0.004
0.011
0.028
0.001
0.004
0.183
0.151
0.078
0.023
0.001
0.001
0.005
0.005
0.142
0.995
0.258
0.001
0.225
0.008
0.001
0.001
0.283
0.001
0.028
0.004
0.001
0.258
0.001
0.604
0.001
0.01
0.121
0.116
0.187
0.01
0.135
0.166
0.001
0.01
0.008
0.035
0.054
0.001
0.106
0.01
0.151
0.004
0.23
0.064
0.604
0.026
0.035
0.907
0.023
0.102
0.001
0.144
0.001
0.01
0.001
0.604
0.001
0.604
0.058
0.005
0.009
0.001
0.258
0.01
0.001
0.023
0.021
0.849
0.01
0.087
0.426
0.048
0.001
0.15
0.003
0.007
0.002
0.001
0.647
0.446
0.039
0.005
0.111
0.15
0.126
0.292
0.567
0.005
0.007
0.001
0.073
0.119
0.03
0.515
0.005
0.064
0.002
0.008
0.026
0.001
0.003
0.2
0.16
0.08
0.02
0.001
0.001
0.005
0.005
0.15
0.994
0.287
0.001
0.258
0.005
0.001
0.001
0.305
0.001
0.028
0.003
0.001
0.287
0.001
0.647
0.001
0.007
0.126
0.119
0.205
0.008
0.144
0.185
0.001
0.008
0.005
0.039
0.06
0.001
0.111
0.007
0.16
0.003
0.259
0.073
0.647
0.021
0.039
0.919
0.02
0.107
0.001
0.152
0.001
0.008
0.001
0.647
0.001
0.647
0.064
0.005
0.006
0.001
0.287
0.007
0.001
0.02
0.019
0.856
0.007
0.091
0.456
0.055
0.002
0.148
0.003
0.009
0.002
0.002
0.655
0.442
0.042
0.006
0.119
0.148
0.13
0.302
0.593
0.004
0.009
0.002
0.078
0.125
0.029
0.538
0.004
0.068
0.002
0.011
0.024
0.002
0.003
0.2
0.157
0.084
0.023
0.002
0.002
0.004
0.004
0.148
0.997
0.288
0.002
0.259
0.006
0.002
0.002
0.316
0.002
0.027
0.003
0.002
0.288
0.002
0.655
0.002
0.009
0.13
0.125
0.205
0.011
0.144
0.181
0.002
0.011
0.006
0.042
0.063
0.002
0.115
0.009
0.157
0.004
0.26
0.078
0.655
0.024
0.042
0.907
0.023
0.109
0.002
0.152
0.002
0.011
0.002
0.655
0.002
0.655
0.068
0.004
0.006
0.002
0.288
0.009
0.002
0.023
0.022
0.845
0.009
0.091
0.456
0.056
0.001
0.143
0.001
0.007
0.001
0.001
0.64
0.441
0.044
0.005
0.112
0.143
0.128
0.287
0.573
0.004
0.006
0.001
0.069
0.12
0.029
0.522
0.003
0.064
0.001
0.009
0.024
0.001
0.001
0.181
0.153
0.08
0.021
0.001
0.001
0.003
0.003
0.143
0.993
0.274
0.001
0.248
0.005
0.001
0.001
0.299
0.001
0.027
0.001
0.001
0.274
0.001
0.64
0.001
0.006
0.128
0.12
0.187
0.008
0.139
0.172
0.001
0.008
0.005
0.043
0.06
0.001
0.112
0.007
0.153
0.001
0.25
0.069
0.64
0.022
0.043
0.914
0.021
0.109
0.001
0.148
0.001
0.008
0.001
0.64
0.001
0.64
0.064
0.002
0.006
0.001
0.274
0.006
0.001
0.021
0.019
0.835
0.007
0.089
0.453
0.043
0.001
0.146
0.001
0.007
0.001
0.001
0.648
0.451
0.033
0.006
0.118
0.146
0.13
0.295
0.586
0.006
0.006
0.001
0.075
0.125
0.024
0.526
0.004
0.064
0.001
0.011
0.018
0.001
0.001
0.185
0.157
0.083
0.012
0.001
0.001
0.004
0.004
0.146
0.996
0.284
0.001
0.248
0.006
0.001
0.001
0.307
0.001
0.02
0.001
0.001
0.284
0.001
0.648
0.001
0.006
0.13
0.125
0.188
0.01
0.143
0.169
0.001
0.01
0.006
0.031
0.058
0.001
0.114
0.007
0.157
0.003
0.254
0.074
0.648
0.015
0.031
0.914
0.012
0.109
0.001
0.147
0.001
0.01
0.001
0.648
0.001
0.648
0.064
0.004
0.006
0.001
0.284
0.006
0.001
0.012
0.011
0.852
0.007
0.091
0.465
0.044
0.001
0.132
0.002
0.006
0.002
0.001
0.616
0.419
0.035
0.005
0.1
0.132
0.117
0.286
0.556
0.004
0.005
0.001
0.072
0.104
0.021
0.498
0.004
0.065
0.002
0.009
0.017
0.001
0.002
0.179
0.148
0.073
0.014
0.001
0.001
0.004
0.004
0.132
0.989
0.267
0.001
0.234
0.005
0.001
0.001
0.302
0.001
0.021
0.002
0.001
0.267
0.001
0.616
0.001
0.005
0.117
0.104
0.181
0.008
0.127
0.168
0.001
0.008
0.005
0.034
0.059
0.001
0.098
0.006
0.148
0.003
0.237
0.072
0.616
0.015
0.034
0.918
0.014
0.096
0.001
0.139
0.001
0.008
0.001
0.616
0.001
0.616
0.065
0.004
0.005
0.001
0.267
0.005
0.001
0.014
0.013
0.839
0.006
0.084
0.431
0.044
0.001
0.118
0.002
0.009
0.001
0.001
0.639
0.425
0.033
0.006
0.095
0.118
0.108
0.286
0.555
0.006
0.009
0.001
0.058
0.105
0.023
0.497
0.005
0.052
0.001
0.01
0.022
0.001
0.002
0.154
0.126
0.071
0.019
0.001
0.001
0.005
0.005
0.118
0.998
0.272
0.001
0.228
0.006
0.001
0.001
0.301
0.001
0.022
0.002
0.001
0.272
0.001
0.639
0.001
0.009
0.108
0.105
0.163
0.009
0.117
0.136
0.001
0.009
0.006
0.033
0.046
0.001
0.092
0.009
0.126
0.004
0.236
0.058
0.639
0.022
0.033
0.922
0.019
0.09
0.001
0.124
0.001
0.009
0.001
0.639
0.001
0.639
0.052
0.004
0.007
0.001
0.272
0.009
0.001
0.019
0.017
0.859
0.009
0.079
0.434
0.031
0.001
0.141
0.001
0.003
0.001
0.001
0.647
0.428
0.022
0.002
0.11
0.141
0.123
0.275
0.569
0.002
0.003
0.001
0.067
0.116
0.016
0.518
0.001
0.057
0.001
0.004
0.016
0.001
0.001
0.176
0.148
0.082
0.009
0.001
0.001
0.001
0.001
0.141
0.994
0.268
0.001
0.232
0.002
0.001
0.001
0.288
0.001
0.016
0.001
0.001
0.268
0.001
0.647
0.001
0.003
0.123
0.116
0.184
0.004
0.135
0.163
0.001
0.004
0.002
0.022
0.048
0.001
0.108
0.003
0.148
0.001
0.237
0.067
0.647
0.013
0.022
0.915
0.009
0.105
0.001
0.142
0.001
0.004
0.001
0.647
0.001
0.647
0.057
0.001
0.002
0.001
0.268
0.003
0.001
0.009
0.008
0.854
0.003
0.09
0.442
0.042
0.001
0.142
0.001
0.004
0.001
0.001
0.618
0.408
0.038
0.003
0.116
0.142
0.125
0.262
0.552
0.003
0.004
0.001
0.07
0.121
0.019
0.493
0.001
0.064
0.001
0.004
0.016
0.001
0.001
0.185
0.154
0.08
0.011
0.001
0.001
0.001
0.001
0.142
0.995
0.253
0.001
0.223
0.003
0.001
0.001
0.274
0.001
0.017
0.001
0.001
0.253
0.001
0.618
0.001
0.004
0.125
0.121
0.191
0.004
0.139
0.174
0.001
0.004
0.003
0.037
0.053
0.001
0.111
0.004
0.154
0.001
0.224
0.07
0.618
0.013
0.037
0.92
0.011
0.11
0.001
0.146
0.001
0.004
0.001
0.618
0.001
0.618
0.064
0.001
0.003
0.001
0.253
0.004
0.001
0.011
0.011
0.844
0.004
0.09
0.417
0.034
0.001
0.143
0.001
0.006
0.001
0.001
0.65
0.429
0.026
0.003
0.109
0.143
0.12
0.281
0.584
0.003
0.005
0.001
0.058
0.114
0.021
0.531
0.002
0.047
0.001
0.008
0.019
0.001
0.001
0.176
0.148
0.071
0.012
0.001
0.001
0.003
0.002
0.143
0.997
0.267
0.001
0.232
0.003
0.001
0.001
0.292
0.001
0.019
0.001
0.001
0.267
0.001
0.65
0.001
0.005
0.12
0.114
0.181
0.006
0.138
0.164
0.001
0.006
0.003
0.026
0.043
0.001
0.108
0.006
0.148
0.002
0.235
0.058
0.65
0.014
0.026
0.923
0.012
0.105
0.001
0.144
0.001
0.006
0.001
0.65
0.001
0.65
0.047
0.002
0.004
0.001
0.267
0.005
0.001
0.012
0.011
0.864
0.006
0.085
0.442
0.053
0.001
0.147
0.002
0.005
0.001
0.001
0.657
0.448
0.039
0.003
0.116
0.147
0.128
0.304
0.577
0.003
0.005
0.001
0.085
0.125
0.025
0.523
0.002
0.073
0.001
0.006
0.02
0.001
0.002
0.183
0.155
0.092
0.014
0.001
0.001
0.003
0.002
0.147
0.996
0.285
0.001
0.247
0.003
0.001
0.001
0.311
0.001
0.021
0.002
0.001
0.285
0.001
0.657
0.001
0.005
0.128
0.125
0.185
0.006
0.143
0.169
0.001
0.006
0.003
0.039
0.065
0.001
0.115
0.005
0.155
0.002
0.249
0.085
0.657
0.015
0.039
0.927
0.014
0.114
0.001
0.149
0.001
0.006
0.001
0.657
0.001
0.657
0.073
0.002
0.003
0.001
0.285
0.005
0.001
0.014
0.012
0.863
0.005
0.1
0.459
0.053
0.002
0.138
0.002
0.006
0.002
0.001
0.619
0.42
0.043
0.004
0.105
0.138
0.119
0.282
0.553
0.003
0.005
0.001
0.071
0.111
0.03
0.499
0.002
0.063
0.002
0.007
0.023
0.002
0.002
0.174
0.15
0.086
0.015
0.001
0.001
0.002
0.002
0.138
0.994
0.262
0.002
0.231
0.004
0.001
0.002
0.294
0.001
0.024
0.002
0.001
0.262
0.002
0.619
0.001
0.005
0.119
0.111
0.179
0.006
0.131
0.161
0.002
0.006
0.004
0.043
0.06
0.002
0.104
0.006
0.15
0.002
0.235
0.071
0.619
0.018
0.043
0.919
0.015
0.101
0.001
0.143
0.001
0.006
0.002
0.619
0.002
0.619
0.063
0.002
0.005
0.001
0.262
0.005
0.002
0.015
0.012
0.862
0.006
0.093
0.429
0.049
0.001
0.131
0.001
0.009
0.001
0.001
0.613
0.412
0.041
0.005
0.104
0.131
0.117
0.271
0.548
0.004
0.007
0.001
0.07
0.111
0.027
0.491
0.003
0.062
0.001
0.009
0.023
0.001
0.002
0.164
0.138
0.081
0.016
0.001
0.001
0.003
0.003
0.131
0.996
0.26
0.001
0.227
0.005
0.001
0.001
0.28
0.001
0.025
0.002
0.001
0.26
0.001
0.613
0.001
0.007
0.117
0.111
0.172
0.009
0.128
0.145
0.001
0.009
0.005
0.04
0.057
0.001
0.102
0.009
0.138
0.003
0.233
0.07
0.613
0.019
0.04
0.916
0.016
0.1
0.001
0.133
0.001
0.009
0.001
0.613
0.001
0.613
0.062
0.003
0.006
0.001
0.26
0.007
0.001
0.016
0.015
0.84
0.009
0.089
0.421
0.05
0.001
0.134
0.003
0.011
0.002
0.001
0.61
0.42
0.039
0.007
0.107
0.134
0.118
0.274
0.55
0.006
0.01
0.001
0.071
0.111
0.026
0.493
0.005
0.06
0.002
0.012
0.023
0.001
0.004
0.165
0.138
0.082
0.017
0.001
0.001
0.006
0.005
0.134
0.995
0.259
0.002
0.226
0.007
0.001
0.001
0.284
0.001
0.025
0.003
0.001
0.259
0.001
0.61
0.001
0.01
0.118
0.111
0.168
0.012
0.13
0.15
0.001
0.012
0.007
0.039
0.056
0.001
0.105
0.011
0.138
0.004
0.229
0.071
0.61
0.019
0.039
0.928
0.017
0.104
0.001
0.135
0.001
0.012
0.001
0.61
0.001
0.61
0.06
0.005
0.009
0.001
0.259
0.01
0.001
0.017
0.017
0.85
0.011
0.091
0.431
0.055
0.001
0.129
0.002
0.006
0.001
0.001
0.6
0.402
0.04
0.003
0.108
0.129
0.116
0.264
0.536
0.002
0.005
0.001
0.078
0.112
0.026
0.476
0.002
0.067
0.001
0.007
0.019
0.001
0.002
0.166
0.136
0.087
0.014
0.001
0.001
0.002
0.002
0.129
0.996
0.251
0.001
0.224
0.003
0.001
0.001
0.278
0.001
0.022
0.002
0.001
0.251
0.001
0.6
0.001
0.005
0.116
0.112
0.172
0.006
0.125
0.157
0.001
0.006
0.003
0.038
0.063
0.001
0.107
0.006
0.136
0.002
0.226
0.078
0.6
0.016
0.038
0.905
0.014
0.105
0.001
0.131
0.001
0.006
0.001
0.6
0.001
0.6
0.067
0.002
0.003
0.001
0.251
0.005
0.001
0.014
0.014
0.823
0.006
0.09
0.413
0.05
0.002
0.141
0.004
0.007
0.003
0.002
0.635
0.439
0.038
0.005
0.112
0.141
0.121
0.299
0.561
0.005
0.007
0.002
0.069
0.115
0.026
0.509
0.005
0.057
0.003
0.007
0.023
0.002
0.004
0.17
0.146
0.08
0.019
0.002
0.002
0.005
0.005
0.141
0.997
0.288
0.002
0.246
0.005
0.002
0.002
0.31
0.002
0.024
0.004
0.002
0.288
0.002
0.635
0.002
0.007
0.121
0.115
0.18
0.007
0.135
0.158
0.002
0.007
0.005
0.038
0.054
0.002
0.111
0.007
0.146
0.004
0.248
0.069
0.635
0.02
0.038
0.915
0.019
0.109
0.002
0.144
0.002
0.007
0.002
0.635
0.002
0.635
0.057
0.005
0.005
0.002
0.288
0.007
0.002
0.019
0.018
0.856
0.007
0.089
0.447
0.053
0.001
0.17
0.002
0.009
0.001
0.001
0.674
0.459
0.046
0.007
0.135
0.17
0.151
0.319
0.619
0.007
0.008
0.001
0.091
0.143
0.032
0.55
0.005
0.075
0.001
0.012
0.029
0.001
0.002
0.209
0.179
0.102
0.024
0.001
0.001
0.005
0.005
0.17
0.995
0.306
0.001
0.264
0.007
0.001
0.001
0.332
0.001
0.031
0.002
0.001
0.306
0.001
0.674
0.001
0.008
0.151
0.143
0.213
0.012
0.164
0.194
0.001
0.012
0.007
0.044
0.066
0.001
0.131
0.009
0.179
0.003
0.272
0.091
0.674
0.026
0.044
0.908
0.024
0.129
0.001
0.174
0.001
0.012
0.001
0.674
0.001
0.674
0.075
0.004
0.007
0.001
0.306
0.008
0.001
0.024
0.023
0.846
0.009
0.116
0.475
0.053
0.001
0.164
0.003
0.01
0.002
0.001
0.641
0.426
0.047
0.006
0.13
0.164
0.147
0.295
0.571
0.006
0.008
0.001
0.076
0.136
0.03
0.509
0.005
0.069
0.002
0.011
0.027
0.001
0.003
0.197
0.172
0.087
0.021
0.001
0.001
0.005
0.005
0.164
0.992
0.284
0.001
0.252
0.006
0.001
0.001
0.307
0.001
0.03
0.003
0.001
0.284
0.001
0.641
0.001
0.008
0.147
0.136
0.203
0.011
0.157
0.179
0.001
0.011
0.006
0.047
0.063
0.001
0.127
0.01
0.172
0.003
0.257
0.076
0.641
0.023
0.047
0.918
0.021
0.124
0.001
0.166
0.001
0.011
0.001
0.641
0.001
0.641
0.069
0.004
0.007
0.001
0.284
0.008
0.001
0.021
0.019
0.859
0.01
0.099
0.436
0.046
0.001
0.141
0.001
0.008
0.001
0.001
0.626
0.424
0.034
0.004
0.109
0.141
0.123
0.288
0.579
0.004
0.007
0.001
0.074
0.117
0.028
0.527
0.002
0.063
0.001
0.011
0.023
0.001
0.001
0.185
0.154
0.078
0.015
0.001
0.001
0.003
0.002
0.141
0.996
0.272
0.001
0.232
0.004
0.001
0.001
0.305
0.001
0.024
0.001
0.001
0.272
0.001
0.626
0.001
0.007
0.123
0.117
0.189
0.008
0.137
0.17
0.001
0.008
0.004
0.034
0.06
0.001
0.108
0.008
0.154
0.001
0.236
0.074
0.626
0.017
0.034
0.923
0.015
0.103
0.001
0.147
0.001
0.008
0.001
0.626
0.001
0.626
0.063
0.001
0.006
0.001
0.272
0.007
0.001
0.015
0.014
0.855
0.008
0.089
0.439
0.065
0.001
0.163
0.002
0.01
0.001
0.001
0.638
0.445
0.049
0.005
0.126
0.163
0.142
0.316
0.561
0.005
0.009
0.001
0.089
0.135
0.027
0.514
0.004
0.079
0.001
0.012
0.024
0.001
0.004
0.2
0.169
0.097
0.017
0.001
0.001
0.004
0.004
0.163
0.997
0.298
0.001
0.272
0.005
0.001
0.001
0.327
0.001
0.025
0.002
0.001
0.298
0.001
0.638
0.001
0.009
0.142
0.135
0.212
0.012
0.157
0.19
0.001
0.012
0.005
0.048
0.07
0.001
0.124
0.01
0.169
0.004
0.272
0.089
0.638
0.02
0.048
0.913
0.017
0.121
0.001
0.163
0.001
0.012
0.001
0.638
0.001
0.638
0.079
0.004
0.005
0.001
0.298
0.009
0.001
0.017
0.016
0.856
0.01
0.108
0.456
0.042
0.001
0.123
0.001
0.009
0.001
0.001
0.655
0.443
0.034
0.005
0.094
0.123
0.102
0.286
0.58
0.005
0.009
0.001
0.06
0.099
0.022
0.526
0.004
0.051
0.001
0.011
0.017
0.001
0.001
0.168
0.136
0.071
0.013
0.001
0.001
0.004
0.004
0.123
0.996
0.273
0.001
0.234
0.005
0.001
0.001
0.297
0.001
0.019
0.001
0.001
0.273
0.001
0.655
0.001
0.009
0.102
0.099
0.172
0.01
0.117
0.15
0.001
0.01
0.005
0.034
0.046
0.001
0.093
0.009
0.136
0.002
0.235
0.06
0.655
0.013
0.034
0.922
0.013
0.091
0.001
0.13
0.001
0.01
0.001
0.655
0.001
0.655
0.051
0.004
0.005
0.001
0.273
0.009
0.001
0.013
0.011
0.862
0.009
0.081
0.46
0.047
0.001
0.148
0.001
0.005
0.001
0.001
0.635
0.422
0.037
0.002
0.111
0.148
0.128
0.287
0.562
0.002
0.005
0.001
0.069
0.122
0.022
0.496
0.002
0.061
0.001
0.007
0.014
0.001
0.001
0.192
0.158
0.08
0.011
0.001
0.001
0.002
0.002
0.148
0.994
0.275
0.001
0.246
0.002
0.001
0.001
0.297
0.001
0.017
0.001
0.001
0.275
0.001
0.635
0.001
0.005
0.128
0.122
0.196
0.007
0.144
0.176
0.001
0.007
0.002
0.035
0.057
0.001
0.11
0.005
0.158
0.001
0.248
0.069
0.635
0.013
0.035
0.916
0.011
0.106
0.001
0.155
0.001
0.007
0.001
0.635
0.001
0.635
0.061
0.002
0.003
0.001
0.275
0.005
0.001
0.011
0.011
0.847
0.005
0.089
0.436
0.04
0.001
0.136
0.001
0.004
0.001
0.001
0.634
0.419
0.03
0.003
0.101
0.136
0.115
0.287
0.561
0.003
0.004
0.001
0.059
0.106
0.018
0.504
0.002
0.054
0.001
0.005
0.015
0.001
0.002
0.179
0.149
0.07
0.009
0.001
0.001
0.002
0.002
0.136
0.993
0.268
0.001
0.231
0.003
0.001
0.001
0.302
0.001
0.017
0.001
0.001
0.268
0.001
0.634
0.001
0.004
0.115
0.106
0.181
0.004
0.13
0.166
0.001
0.004
0.003
0.03
0.048
0.001
0.1
0.004
0.149
0.002
0.232
0.058
0.634
0.011
0.03
0.925
0.009
0.098
0.001
0.14
0.001
0.004
0.001
0.634
0.001
0.634
0.054
0.002
0.004
0.001
0.268
0.004
0.001
0.009
0.006
0.832
0.004
0.076
0.434
0.033
0.001
0.129
0.001
0.004
0.001
0.001
0.616
0.428
0.028
0.003
0.097
0.129
0.113
0.283
0.554
0.003
0.004
0.001
0.057
0.107
0.016
0.497
0.002
0.045
0.001
0.004
0.014
0.001
0.001
0.169
0.138
0.071
0.009
0.001
0.001
0.002
0.002
0.129
0.993
0.271
0.001
0.217
0.003
0.001
0.001
0.295
0.001
0.014
0.001
0.001
0.271
0.001
0.616
0.001
0.004
0.113
0.107
0.173
0.004
0.122
0.155
0.001
0.004
0.003
0.026
0.04
0.001
0.096
0.004
0.138
0.001
0.226
0.056
0.616
0.009
0.026
0.917
0.009
0.09
0.001
0.133
0.001
0.004
0.001
0.616
0.001
0.616
0.045
0.002
0.003
0.001
0.271
0.004
0.001
0.009
0.008
0.84
0.004
0.078
0.433
0.044
0.002
0.133
0.003
0.006
0.003
0.002
0.667
0.434
0.035
0.006
0.101
0.133
0.115
0.278
0.586
0.005
0.006
0.002
0.061
0.11
0.025
0.523
0.004
0.055
0.003
0.006
0.021
0.002
0.003
0.177
0.142
0.069
0.015
0.002
0.002
0.005
0.004
0.133
0.993
0.268
0.002
0.234
0.006
0.002
0.002
0.293
0.002
0.021
0.003
0.002
0.268
0.002
0.669
0.002
0.006
0.115
0.11
0.178
0.006
0.128
0.157
0.002
0.006
0.006
0.035
0.051
0.002
0.099
0.006
0.142
0.004
0.237
0.061
0.667
0.017
0.035
0.928
0.015
0.098
0.002
0.135
0.002
0.006
0.002
0.669
0.002
0.669
0.055
0.004
0.006
0.002
0.268
0.006
0.002
0.015
0.014
0.865
0.006
0.08
0.447
0.052
0.001
0.147
0.002
0.012
0.002
0.001
0.653
0.447
0.038
0.009
0.109
0.147
0.129
0.298
0.589
0.007
0.012
0.001
0.072
0.116
0.025
0.527
0.005
0.065
0.002
0.012
0.025
0.001
0.004
0.185
0.161
0.08
0.018
0.001
0.001
0.005
0.005
0.147
0.994
0.284
0.001
0.235
0.009
0.001
0.001
0.312
0.001
0.025
0.002
0.001
0.284
0.001
0.653
0.001
0.012
0.129
0.116
0.188
0.012
0.14
0.178
0.001
0.012
0.009
0.038
0.062
0.001
0.106
0.012
0.161
0.005
0.239
0.072
0.653
0.021
0.038
0.924
0.018
0.103
0.001
0.152
0.001
0.012
0.001
0.653
0.001
0.653
0.065
0.005
0.01
0.001
0.284
0.012
0.001
0.018
0.017
0.848
0.012
0.086
0.461
0.048
0.001
0.145
0.003
0.005
0.001
0.001
0.631
0.425
0.039
0.003
0.112
0.145
0.124
0.305
0.556
0.003
0.005
0.001
0.069
0.117
0.027
0.505
0.003
0.059
0.001
0.007
0.022
0.001
0.003
0.191
0.156
0.08
0.016
0.001
0.001
0.003
0.003
0.145
0.995
0.29
0.001
0.253
0.003
0.001
0.001
0.319
0.001
0.022
0.003
0.001
0.29
0.001
0.631
0.001
0.005
0.124
0.117
0.196
0.006
0.141
0.175
0.001
0.006
0.003
0.039
0.054
0.001
0.111
0.005
0.156
0.003
0.256
0.069
0.631
0.017
0.039
0.916
0.016
0.108
0.001
0.151
0.001
0.006
0.001
0.631
0.001
0.631
0.059
0.003
0.003
0.001
0.29
0.005
0.001
0.016
0.013
0.848
0.005
0.09
0.436
0.058
0.001
0.137
0.001
0.009
0.001
0.001
0.648
0.44
0.045
0.007
0.114
0.137
0.122
0.282
0.574
0.007
0.007
0.001
0.075
0.119
0.026
0.521
0.004
0.07
0.001
0.011
0.024
0.001
0.001
0.178
0.144
0.085
0.019
0.001
0.001
0.005
0.004
0.137
0.997
0.269
0.001
0.236
0.007
0.001
0.001
0.301
0.001
0.025
0.001
0.001
0.269
0.001
0.649
0.001
0.007
0.122
0.119
0.181
0.01
0.132
0.155
0.001
0.01
0.007
0.045
0.067
0.001
0.113
0.009
0.144
0.001
0.239
0.075
0.648
0.02
0.045
0.922
0.019
0.11
0.001
0.139
0.001
0.01
0.001
0.649
0.001
0.649
0.07
0.002
0.007
0.001
0.269
0.007
0.001
0.019
0.018
0.877
0.009
0.095
0.455
0.046
0.001
0.13
0.003
0.008
0.002
0.001
0.619
0.403
0.036
0.007
0.1
0.13
0.111
0.268
0.546
0.006
0.008
0.001
0.062
0.105
0.021
0.487
0.005
0.057
0.002
0.008
0.021
0.001
0.003
0.175
0.141
0.074
0.015
0.001
0.001
0.005
0.005
0.13
0.993
0.264
0.001
0.23
0.007
0.001
0.001
0.281
0.001
0.021
0.003
0.001
0.264
0.001
0.619
0.001
0.008
0.111
0.105
0.178
0.008
0.125
0.158
0.001
0.008
0.007
0.036
0.05
0.001
0.097
0.008
0.141
0.003
0.231
0.062
0.619
0.017
0.036
0.917
0.015
0.095
0.001
0.133
0.001
0.008
0.001
0.619
0.001
0.619
0.057
0.004
0.008
0.001
0.264
0.008
0.001
0.015
0.012
0.845
0.008
0.079
0.413
0.05
0.005
0.149
0.006
0.009
0.005
0.005
0.645
0.427
0.044
0.008
0.12
0.149
0.136
0.276
0.576
0.008
0.009
0.005
0.082
0.13
0.034
0.522
0.007
0.07
0.005
0.01
0.03
0.005
0.006
0.193
0.159
0.093
0.023
0.005
0.005
0.008
0.007
0.149
0.996
0.261
0.005
0.242
0.008
0.005
0.005
0.286
0.005
0.032
0.006
0.005
0.261
0.005
0.645
0.005
0.009
0.136
0.13
0.196
0.01
0.144
0.182
0.005
0.01
0.008
0.044
0.063
0.005
0.12
0.009
0.159
0.006
0.243
0.081
0.645
0.025
0.044
0.928
0.023
0.114
0.005
0.153
0.005
0.01
0.005
0.645
0.005
0.645
0.07
0.006
0.008
0.005
0.261
0.009
0.005
0.023
0.021
0.873
0.009
0.099
0.444
0.057
0.002
0.137
0.004
0.008
0.003
0.001
0.651
0.443
0.048
0.008
0.11
0.137
0.116
0.283
0.592
0.007
0.008
0.001
0.078
0.111
0.03
0.539
0.006
0.07
0.003
0.014
0.025
0.002
0.004
0.188
0.153
0.087
0.021
0.001
0.001
0.006
0.006
0.137
0.999
0.274
0.003
0.238
0.008
0.001
0.003
0.298
0.001
0.029
0.004
0.001
0.274
0.002
0.651
0.001
0.008
0.116
0.111
0.194
0.009
0.131
0.177
0.002
0.009
0.008
0.048
0.067
0.003
0.108
0.008
0.153
0.004
0.24
0.078
0.651
0.021
0.048
0.922
0.021
0.106
0.001
0.143
0.001
0.009
0.002
0.651
0.002
0.651
0.07
0.005
0.008
0.001
0.274
0.008
0.002
0.021
0.019
0.864
0.008
0.094
0.458
0.052
0.001
0.134
0.002
0.007
0.001
0.001
0.655
0.457
0.039
0.005
0.109
0.134
0.12
0.3
0.602
0.005
0.007
0.001
0.081
0.115
0.022
0.544
0.004
0.068
0.001
0.008
0.017
0.001
0.002
0.181
0.143
0.086
0.013
0.001
0.001
0.005
0.004
0.134
0.997
0.284
0.001
0.241
0.005
0.001
0.001
0.319
0.001
0.019
0.002
0.001
0.284
0.001
0.655
0.001
0.007
0.12
0.115
0.187
0.007
0.127
0.162
0.001
0.007
0.005
0.039
0.059
0.001
0.109
0.007
0.143
0.003
0.245
0.081
0.655
0.016
0.039
0.921
0.013
0.105
0.001
0.134
0.001
0.007
0.001
0.655
0.001
0.655
0.068
0.004
0.006
0.001
0.284
0.007
0.001
0.013
0.012
0.85
0.007
0.093
0.469
0.065
0.001
0.161
0.002
0.009
0.001
0.001
0.647
0.442
0.05
0.003
0.133
0.161
0.144
0.315
0.569
0.003
0.006
0.001
0.094
0.135
0.033
0.516
0.002
0.082
0.001
0.01
0.026
0.001
0.002
0.212
0.175
0.103
0.019
0.001
0.001
0.002
0.002
0.161
0.995
0.306
0.001
0.27
0.003
0.001
0.001
0.322
0.001
0.03
0.002
0.001
0.306
0.001
0.647
0.001
0.006
0.144
0.135
0.215
0.01
0.155
0.194
0.001
0.01
0.003
0.048
0.075
0.001
0.132
0.009
0.175
0.002
0.273
0.094
0.647
0.022
0.048
0.928
0.019
0.127
0.001
0.166
0.001
0.01
0.001
0.647
0.001
0.647
0.082
0.002
0.004
0.001
0.306
0.006
0.001
0.019
0.017
0.863
0.009
0.111
0.451
0.053
0.001
0.137
0.003
0.008
0.003
0.001
0.644
0.423
0.042
0.004
0.11
0.137
0.119
0.285
0.58
0.004
0.008
0.001
0.076
0.115
0.029
0.522
0.004
0.067
0.003
0.01
0.021
0.001
0.003
0.176
0.146
0.084
0.019
0.001
0.001
0.004
0.004
0.137
0.997
0.269
0.001
0.233
0.004
0.001
0.001
0.301
0.001
0.024
0.003
0.001
0.269
0.001
0.644
0.001
0.008
0.119
0.115
0.178
0.01
0.136
0.157
0.001
0.01
0.004
0.04
0.063
0.001
0.109
0.008
0.146
0.004
0.237
0.076
0.644
0.02
0.04
0.925
0.019
0.106
0.001
0.14
0.001
0.01
0.001
0.644
0.001
0.644
0.067
0.004
0.005
0.001
0.269
0.008
0.001
0.019
0.015
0.86
0.008
0.091
0.442
0.033
0.002
0.126
0.002
0.005
0.002
0.002
0.636
0.429
0.029
0.005
0.09
0.126
0.101
0.281
0.576
0.004
0.005
0.002
0.053
0.097
0.02
0.513
0.003
0.04
0.002
0.006
0.016
0.002
0.002
0.175
0.135
0.061
0.012
0.002
0.002
0.003
0.003
0.126
0.995
0.267
0.002
0.223
0.005
0.002
0.002
0.295
0.002
0.019
0.002
0.002
0.267
0.002
0.636
0.002
0.005
0.101
0.097
0.175
0.006
0.122
0.156
0.002
0.006
0.005
0.029
0.037
0.002
0.089
0.005
0.135
0.003
0.229
0.053
0.636
0.014
0.029
0.927
0.012
0.085
0.002
0.127
0.002
0.006
0.002
0.636
0.002
0.636
0.04
0.003
0.005
0.002
0.267
0.005
0.002
0.012
0.01
0.865
0.005
0.071
0.44
0.038
0.001
0.137
0.003
0.008
0.001
0.001
0.663
0.452
0.031
0.006
0.1
0.137
0.118
0.291
0.605
0.005
0.008
0.001
0.06
0.109
0.02
0.537
0.004
0.051
0.001
0.009
0.016
0.001
0.004
0.181
0.152
0.07
0.013
0.001
0.001
0.004
0.004
0.137
0.998
0.274
0.001
0.237
0.006
0.001
0.001
0.306
0.001
0.018
0.004
0.001
0.274
0.001
0.663
0.001
0.008
0.118
0.109
0.19
0.008
0.133
0.17
0.001
0.008
0.006
0.03
0.05
0.001
0.099
0.008
0.152
0.004
0.243
0.06
0.663
0.013
0.03
0.928
0.013
0.096
0.001
0.143
0.001
0.008
0.001
0.663
0.001
0.663
0.051
0.004
0.006
0.001
0.274
0.008
0.001
0.013
0.012
0.865
0.008
0.08
0.468
0.056
0.001
0.153
0.001
0.005
0.001
0.001
0.639
0.426
0.046
0.003
0.115
0.153
0.134
0.275
0.584
0.003
0.005
0.001
0.072
0.123
0.024
0.505
0.003
0.064
0.001
0.006
0.022
0.001
0.001
0.176
0.16
0.079
0.017
0.001
0.001
0.003
0.003
0.153
0.994
0.26
0.001
0.232
0.003
0.001
0.001
0.289
0.001
0.023
0.001
0.001
0.26
0.001
0.639
0.001
0.005
0.134
0.123
0.181
0.006
0.152
0.167
0.001
0.006
0.003
0.044
0.059
0.001
0.114
0.005
0.16
0.001
0.232
0.072
0.639
0.019
0.044
0.929
0.017
0.106
0.001
0.155
0.001
0.006
0.001
0.639
0.001
0.639
0.064
0.003
0.004
0.001
0.26
0.005
0.001
0.017
0.013
0.864
0.005
0.088
0.437
0.044
0.001
0.143
0.003
0.005
0.002
0.001
0.637
0.416
0.035
0.003
0.106
0.143
0.121
0.287
0.551
0.003
0.005
0.001
0.073
0.11
0.024
0.495
0.003
0.063
0.002
0.006
0.022
0.001
0.003
0.196
0.152
0.08
0.015
0.001
0.001
0.003
0.003
0.143
0.996
0.274
0.001
0.247
0.003
0.001
0.001
0.296
0.001
0.023
0.003
0.001
0.274
0.001
0.637
0.001
0.005
0.121
0.11
0.2
0.006
0.138
0.176
0.001
0.006
0.003
0.035
0.056
0.001
0.104
0.005
0.152
0.003
0.249
0.073
0.637
0.016
0.035
0.915
0.015
0.099
0.001
0.147
0.001
0.006
0.001
0.637
0.001
0.637
0.063
0.003
0.003
0.001
0.274
0.005
0.001
0.015
0.011
0.844
0.005
0.088
0.438
0.042
0.001
0.15
0.001
0.006
0.001
0.001
0.661
0.453
0.034
0.003
0.116
0.15
0.129
0.287
0.582
0.003
0.006
0.001
0.064
0.123
0.026
0.532
0.003
0.059
0.001
0.007
0.018
0.001
0.001
0.188
0.165
0.07
0.014
0.001
0.001
0.003
0.003
0.15
0.997
0.275
0.001
0.236
0.003
0.001
0.001
0.305
0.001
0.021
0.001
0.001
0.275
0.001
0.661
0.001
0.006
0.129
0.123
0.193
0.006
0.148
0.175
0.001
0.006
0.003
0.034
0.053
0.001
0.115
0.006
0.165
0.001
0.241
0.064
0.661
0.016
0.034
0.923
0.014
0.107
0.001
0.156
0.001
0.006
0.001
0.661
0.001
0.661
0.059
0.002
0.005
0.001
0.275
0.006
0.001
0.014
0.011
0.859
0.006
0.084
0.464
0.053
0.001
0.165
0.003
0.007
0.001
0.001
0.646
0.42
0.04
0.006
0.121
0.165
0.144
0.291
0.577
0.006
0.007
0.001
0.08
0.128
0.029
0.514
0.005
0.069
0.001
0.008
0.02
0.001
0.003
0.193
0.171
0.088
0.012
0.001
0.001
0.005
0.005
0.165
0.995
0.28
0.001
0.25
0.006
0.001
0.001
0.304
0.001
0.026
0.003
0.001
0.28
0.001
0.646
0.001
0.007
0.144
0.128
0.2
0.008
0.16
0.179
0.001
0.008
0.006
0.039
0.064
0.001
0.118
0.007
0.171
0.004
0.25
0.08
0.646
0.018
0.039
0.927
0.012
0.114
0.001
0.168
0.001
0.008
0.001
0.646
0.001
0.646
0.069
0.005
0.006
0.001
0.28
0.007
0.001
0.012
0.012
0.862
0.007
0.098
0.431
0.054
0.001
0.138
0.001
0.005
0.001
0.001
0.661
0.448
0.028
0.003
0.101
0.138
0.114
0.297
0.596
0.002
0.004
0.001
0.07
0.108
0.017
0.531
0.001
0.061
0.001
0.005
0.014
0.001
0.001
0.184
0.144
0.081
0.013
0.001
0.001
0.002
0.001
0.138
0.992
0.283
0.001
0.25
0.003
0.001
0.001
0.307
0.001
0.016
0.001
0.001
0.283
0.001
0.661
0.001
0.004
0.114
0.108
0.188
0.005
0.131
0.163
0.001
0.005
0.003
0.028
0.058
0.001
0.1
0.005
0.144
0.001
0.251
0.07
0.661
0.013
0.028
0.904
0.013
0.098
0.001
0.139
0.001
0.005
0.001
0.661
0.001
0.661
0.061
0.001
0.003
0.001
0.283
0.004
0.001
0.013
0.011
0.85
0.005
0.088
0.462
0.05
0.001
0.144
0.003
0.008
0.001
0.001
0.647
0.437
0.039
0.005
0.113
0.144
0.128
0.302
0.578
0.005
0.007
0.001
0.072
0.122
0.027
0.526
0.003
0.064
0.001
0.009
0.017
0.001
0.003
0.191
0.151
0.084
0.016
0.001
0.001
0.004
0.003
0.144
0.999
0.297
0.001
0.269
0.005
0.001
0.001
0.311
0.001
0.022
0.003
0.001
0.297
0.001
0.647
0.001
0.007
0.128
0.122
0.199
0.008
0.14
0.175
0.001
0.008
0.005
0.038
0.06
0.001
0.111
0.008
0.151
0.003
0.272
0.072
0.647
0.016
0.038
0.919
0.016
0.108
0.001
0.146
0.001
0.008
0.001
0.647
0.001
0.647
0.064
0.003
0.006
0.001
0.297
0.007
0.001
0.016
0.015
0.859
0.008
0.092
0.448
0.04
0.001
0.146
0.001
0.009
0.001
0.001
0.65
0.447
0.03
0.004
0.106
0.146
0.122
0.296
0.581
0.004
0.007
0.001
0.059
0.116
0.022
0.526
0.002
0.052
0.001
0.009
0.02
0.001
0.001
0.195
0.16
0.073
0.015
0.001
0.001
0.002
0.002
0.146
0.998
0.286
0.001
0.247
0.004
0.001
0.001
0.306
0.001
0.02
0.001
0.001
0.286
0.001
0.65
0.001
0.007
0.122
0.116
0.2
0.009
0.14
0.174
0.001
0.009
0.004
0.029
0.047
0.001
0.105
0.009
0.16
0.001
0.252
0.059
0.65
0.017
0.029
0.921
0.015
0.102
0.001
0.149
0.001
0.009
0.001
0.65
0.001
0.65
0.052
0.002
0.004
0.001
0.286
0.007
0.001
0.015
0.015
0.838
0.009
0.082
0.458
0.063
0.001
0.157
0.002
0.009
0.002
0.001
0.637
0.437
0.049
0.006
0.128
0.157
0.138
0.288
0.584
0.006
0.009
0.001
0.085
0.135
0.03
0.52
0.005
0.076
0.002
0.01
0.024
0.001
0.002
0.199
0.166
0.095
0.016
0.001
0.001
0.005
0.005
0.157
0.994
0.277
0.001
0.245
0.006
0.001
0.001
0.301
0.001
0.029
0.002
0.001
0.277
0.001
0.638
0.001
0.009
0.138
0.135
0.204
0.009
0.151
0.183
0.001
0.009
0.006
0.049
0.07
0.001
0.125
0.009
0.166
0.004
0.252
0.085
0.637
0.018
0.049
0.91
0.016
0.121
0.001
0.161
0.001
0.009
0.001
0.638
0.001
0.638
0.076
0.004
0.006
0.001
0.277
0.009
0.001
0.016
0.015
0.839
0.009
0.103
0.447
0.037
0.001
0.142
0.002
0.005
0.001
0.001
0.64
0.434
0.031
0.005
0.101
0.142
0.116
0.275
0.574
0.005
0.005
0.001
0.061
0.107
0.02
0.522
0.002
0.049
0.001
0.005
0.015
0.001
0.002
0.17
0.146
0.068
0.011
0.001
0.001
0.003
0.002
0.142
0.994
0.264
0.001
0.228
0.005
0.001
0.001
0.292
0.001
0.018
0.002
0.001
0.264
0.001
0.64
0.001
0.005
0.116
0.107
0.176
0.005
0.133
0.16
0.001
0.005
0.005
0.029
0.043
0.001
0.099
0.005
0.146
0.002
0.234
0.06
0.64
0.011
0.029
0.913
0.011
0.095
0.001
0.143
0.001
0.005
0.001
0.64
0.001
0.64
0.049
0.002
0.005
0.001
0.264
0.005
0.001
0.011
0.008
0.85
0.005
0.078
0.446
0.059
0.004
0.169
0.006
0.014
0.005
0.004
0.644
0.443
0.046
0.013
0.129
0.169
0.144
0.306
0.581
0.013
0.014
0.004
0.085
0.138
0.037
0.528
0.009
0.078
0.005
0.015
0.033
0.004
0.006
0.205
0.179
0.095
0.028
0.004
0.004
0.01
0.009
0.169
0.994
0.3
0.005
0.262
0.013
0.004
0.004
0.325
0.004
0.034
0.006
0.004
0.3
0.004
0.644
0.004
0.014
0.144
0.138
0.206
0.014
0.163
0.188
0.004
0.014
0.013
0.046
0.072
0.004
0.128
0.014
0.179
0.008
0.266
0.085
0.644
0.031
0.046
0.911
0.028
0.121
0.004
0.173
0.004
0.014
0.004
0.644
0.004
0.644
0.078
0.008
0.014
0.004
0.3
0.014
0.004
0.028
0.025
0.851
0.014
0.102
0.452
0.049
0.001
0.126
0.002
0.007
0.002
0.001
0.653
0.44
0.04
0.004
0.098
0.126
0.111
0.277
0.585
0.004
0.006
0.001
0.072
0.106
0.026
0.522
0.004
0.061
0.002
0.008
0.02
0.001
0.002
0.163
0.134
0.08
0.014
0.001
0.001
0.004
0.004
0.126
0.994
0.263
0.002
0.221
0.004
0.001
0.002
0.291
0.001
0.024
0.002
0.001
0.263
0.001
0.653
0.001
0.006
0.111
0.106
0.166
0.007
0.122
0.15
0.002
0.007
0.004
0.04
0.056
0.002
0.096
0.007
0.134
0.003
0.222
0.072
0.653
0.015
0.04
0.913
0.014
0.095
0.001
0.13
0.001
0.007
0.002
0.653
0.002
0.653
0.061
0.004
0.004
0.001
0.263
0.006
0.002
0.014
0.012
0.843
0.007
0.087
0.45
0.043
0.001
0.143
0.002
0.003
0.001
0.001
0.637
0.436
0.032
0.002
0.105
0.143
0.123
0.295
0.565
0.002
0.002
0.001
0.06
0.116
0.021
0.503
0.002
0.055
0.001
0.006
0.015
0.001
0.002
0.191
0.157
0.07
0.013
0.001
0.001
0.002
0.002
0.143
0.995
0.287
0.001
0.25
0.002
0.001
0.001
0.309
0.001
0.019
0.002
0.001
0.287
0.001
0.637
0.001
0.002
0.123
0.116
0.2
0.004
0.137
0.174
0.001
0.004
0.002
0.031
0.05
0.001
0.105
0.003
0.157
0.002
0.253
0.06
0.637
0.013
0.031
0.905
0.013
0.094
0.001
0.147
0.001
0.004
0.001
0.637
0.001
0.637
0.055
0.002
0.002
0.001
0.287
0.003
0.001
0.013
0.013
0.828
0.003
0.08
0.445
0.047
0.001
0.136
0.001
0.007
0.001
0.001
0.634
0.426
0.032
0.004
0.107
0.136
0.118
0.285
0.567
0.004
0.007
0.001
0.067
0.113
0.02
0.494
0.004
0.059
0.001
0.012
0.018
0.001
0.003
0.184
0.148
0.077
0.015
0.001
0.001
0.004
0.004
0.136
0.996
0.275
0.001
0.24
0.004
0.001
0.001
0.298
0.001
0.02
0.002
0.001
0.275
0.001
0.634
0.001
0.007
0.118
0.113
0.189
0.007
0.126
0.17
0.001
0.007
0.004
0.031
0.056
0.001
0.105
0.007
0.148
0.003
0.244
0.067
0.634
0.016
0.031
0.908
0.015
0.1
0.001
0.143
0.001
0.007
0.001
0.634
0.001
0.634
0.059
0.004
0.004
0.001
0.275
0.007
0.001
0.015
0.014
0.839
0.007
0.086
0.441
0.053
0.001
0.144
0.002
0.007
0.001
0.001
0.654
0.434
0.044
0.004
0.123
0.144
0.131
0.285
0.574
0.004
0.007
0.001
0.08
0.127
0.032
0.52
0.003
0.075
0.001
0.007
0.027
0.001
0.002
0.183
0.152
0.091
0.018
0.001
0.001
0.003
0.003
0.144
0.996
0.273
0.001
0.237
0.004
0.001
0.001
0.302
0.001
0.03
0.002
0.001
0.273
0.001
0.654
0.001
0.007
0.131
0.127
0.187
0.007
0.138
0.166
0.001
0.007
0.004
0.043
0.066
0.001
0.123
0.007
0.152
0.002
0.24
0.08
0.654
0.019
0.043
0.93
0.018
0.121
0.001
0.145
0.001
0.007
0.001
0.654
0.001
0.654
0.075
0.003
0.005
0.001
0.273
0.007
0.001
0.018
0.017
0.866
0.007
0.101
0.447
0.051
0.001
0.138
0.001
0.006
0.001
0.001
0.622
0.44
0.039
0.005
0.106
0.138
0.118
0.293
0.578
0.005
0.006
0.001
0.069
0.113
0.026
0.526
0.002
0.061
0.001
0.008
0.024
0.001
0.002
0.179
0.144
0.078
0.019
0.001
0.001
0.003
0.002
0.138
0.992
0.279
0.001
0.24
0.005
0.001
0.001
0.309
0.001
0.024
0.002
0.001
0.279
0.001
0.622
0.001
0.006
0.118
0.113
0.186
0.007
0.133
0.16
0.001
0.007
0.005
0.039
0.055
0.001
0.105
0.006
0.144
0.002
0.246
0.069
0.622
0.021
0.039
0.918
0.019
0.101
0.001
0.14
0.001
0.007
0.001
0.622
0.001
0.622
0.061
0.002
0.006
0.001
0.279
0.006
0.001
0.019
0.019
0.861
0.006
0.087
0.456
0.043
0.001
0.138
0.002
0.007
0.001
0.001
0.648
0.445
0.032
0.005
0.102
0.138
0.123
0.293
0.581
0.005
0.007
0.001
0.068
0.112
0.019
0.522
0.005
0.058
0.001
0.007
0.014
0.001
0.002
0.181
0.153
0.073
0.011
0.001
0.001
0.005
0.005
0.138
0.994
0.269
0.001
0.234
0.005
0.001
0.001
0.311
0.001
0.018
0.002
0.001
0.269
0.001
0.648
0.001
0.007
0.123
0.112
0.188
0.007
0.136
0.17
0.001
0.007
0.005
0.031
0.056
0.001
0.1
0.007
0.153
0.003
0.239
0.068
0.648
0.012
0.031
0.902
0.011
0.098
0.001
0.142
0.001
0.007
0.001
0.648
0.001
0.648
0.058
0.004
0.006
0.001
0.269
0.007
0.001
0.011
0.01
0.846
0.007
0.074
0.46
0.057
0.002
0.156
0.003
0.013
0.003
0.002
0.645
0.434
0.048
0.007
0.125
0.156
0.14
0.295
0.571
0.007
0.01
0.002
0.072
0.133
0.038
0.513
0.005
0.066
0.003
0.014
0.031
0.002
0.003
0.193
0.164
0.08
0.024
0.002
0.002
0.005
0.005
0.156
0.996
0.284
0.002
0.24
0.007
0.002
0.002
0.309
0.002
0.033
0.003
0.002
0.284
0.002
0.645
0.002
0.01
0.14
0.133
0.198
0.014
0.152
0.177
0.002
0.014
0.007
0.048
0.06
0.002
0.123
0.013
0.164
0.004
0.244
0.072
0.645
0.028
0.048
0.908
0.024
0.114
0.002
0.157
0.002
0.014
0.002
0.645
0.002
0.645
0.066
0.005
0.008
0.002
0.284
0.01
0.002
0.024
0.021
0.841
0.013
0.099
0.447
0.051
0.001
0.138
0.002
0.004
0.002
0.001
0.631
0.426
0.036
0.002
0.112
0.138
0.12
0.28
0.574
0.002
0.003
0.001
0.069
0.114
0.019
0.52
0.002
0.064
0.002
0.007
0.015
0.001
0.002
0.175
0.148
0.086
0.011
0.001
0.001
0.002
0.002
0.138
0.997
0.266
0.002
0.23
0.002
0.001
0.002
0.288
0.001
0.016
0.002
0.001
0.266
0.001
0.631
0.001
0.003
0.12
0.114
0.183
0.006
0.133
0.163
0.001
0.006
0.002
0.036
0.06
0.002
0.11
0.004
0.148
0.002
0.232
0.069
0.631
0.011
0.036
0.912
0.011
0.104
0.001
0.142
0.001
0.006
0.001
0.631
0.001
0.631
0.064
0.002
0.002
0.001
0.266
0.003
0.001
0.011
0.011
0.846
0.004
0.094
0.443
0.061
0.001
0.152
0.003
0.01
0.003
0.001
0.654
0.448
0.047
0.007
0.121
0.152
0.134
0.292
0.591
0.006
0.01
0.001
0.079
0.128
0.03
0.533
0.004
0.072
0.003
0.014
0.026
0.001
0.003
0.191
0.165
0.091
0.018
0.001
0.001
0.004
0.004
0.152
0.998
0.282
0.001
0.242
0.007
0.001
0.001
0.312
0.001
0.027
0.003
0.001
0.282
0.001
0.654
0.001
0.01
0.134
0.128
0.194
0.012
0.148
0.184
0.001
0.012
0.007
0.046
0.069
0.001
0.118
0.01
0.165
0.004
0.247
0.079
0.654
0.019
0.046
0.928
0.018
0.116
0.001
0.156
0.001
0.012
0.001
0.654
0.001
0.654
0.072
0.004
0.008
0.001
0.282
0.01
0.001
0.018
0.017
0.863
0.01
0.099
0.46
0.05
0.001
0.14
0.001
0.005
0.001
0.001
0.619
0.425
0.042
0.002
0.109
0.14
0.122
0.281
0.547
0.002
0.004
0.001
0.07
0.114
0.022
0.497
0.001
0.061
0.001
0.007
0.014
0.001
0.001
0.189
0.151
0.086
0.009
0.001
0.001
0.001
0.001
0.14
0.998
0.267
0.001
0.243
0.002
0.001
0.001
0.295
0.001
0.017
0.001
0.001
0.267
0.001
0.62
0.001
0.004
0.122
0.114
0.195
0.007
0.131
0.17
0.001
0.007
0.002
0.041
0.056
0.001
0.106
0.005
0.151
0.001
0.243
0.07
0.619
0.012
0.041
0.905
0.009
0.103
0.001
0.142
0.001
0.007
0.001
0.62
0.001
0.62
0.061
0.001
0.002
0.001
0.267
0.004
0.001
0.009
0.009
0.84
0.005
0.095
0.435
0.043
0.002
0.11
0.003
0.007
0.002
0.002
0.621
0.419
0.034
0.005
0.091
0.11
0.099
0.27
0.558
0.005
0.007
0.002
0.055
0.096
0.021
0.509
0.005
0.049
0.002
0.007
0.017
0.002
0.003
0.164
0.12
0.062
0.014
0.002
0.002
0.005
0.005
0.11
0.992
0.254
0.002
0.219
0.005
0.002
0.002
0.287
0.002
0.02
0.003
0.002
0.254
0.002
0.621
0.002
0.007
0.099
0.096
0.166
0.007
0.106
0.143
0.002
0.007
0.005
0.033
0.047
0.002
0.091
0.007
0.12
0.004
0.224
0.055
0.621
0.015
0.033
0.922
0.014
0.087
0.002
0.115
0.002
0.007
0.002
0.621
0.002
0.621
0.049
0.004
0.006
0.002
0.254
0.007
0.002
0.014
0.013
0.848
0.007
0.069
0.436
0.061
0.001
0.162
0.003
0.01
0.002
0.001
0.634
0.441
0.048
0.007
0.127
0.162
0.14
0.304
0.568
0.007
0.009
0.001
0.09
0.135
0.031
0.515
0.004
0.075
0.002
0.013
0.029
0.001
0.003
0.2
0.173
0.1
0.025
0.001
0.001
0.004
0.004
0.162
0.996
0.291
0.002
0.255
0.007
0.001
0.001
0.314
0.001
0.03
0.003
0.001
0.291
0.001
0.634
0.001
0.009
0.14
0.135
0.204
0.013
0.158
0.183
0.001
0.013
0.007
0.046
0.069
0.001
0.126
0.01
0.173
0.003
0.256
0.09
0.634
0.026
0.046
0.915
0.025
0.123
0.001
0.163
0.001
0.013
0.001
0.634
0.001
0.634
0.075
0.004
0.007
0.001
0.291
0.009
0.001
0.025
0.021
0.853
0.01
0.11
0.461
0.051
0.003
0.134
0.005
0.007
0.005
0.003
0.629
0.422
0.039
0.006
0.103
0.134
0.118
0.271
0.569
0.006
0.006
0.003
0.074
0.11
0.03
0.503
0.006
0.065
0.005
0.01
0.022
0.003
0.006
0.177
0.143
0.082
0.019
0.003
0.003
0.006
0.006
0.134
0.995
0.26
0.004
0.229
0.006
0.003
0.003
0.28
0.003
0.026
0.006
0.003
0.26
0.003
0.629
0.003
0.006
0.118
0.11
0.182
0.009
0.132
0.157
0.003
0.009
0.006
0.038
0.061
0.003
0.102
0.007
0.143
0.006
0.233
0.074
0.629
0.021
0.038
0.91
0.019
0.099
0.003
0.137
0.003
0.009
0.003
0.629
0.003
0.629
0.065
0.006
0.006
0.003
0.26
0.006
0.003
0.019
0.017
0.851
0.007
0.088
0.434
0.042
0.001
0.15
0.002
0.007
0.001
0.001
0.628
0.429
0.032
0.005
0.127
0.15
0.137
0.272
0.561
0.005
0.005
0.001
0.078
0.133
0.024
0.5
0.004
0.065
0.001
0.007
0.017
0.001
0.003
0.194
0.161
0.089
0.011
0.001
0.001
0.004
0.004
0.15
0.995
0.262
0.001
0.238
0.005
0.001
0.001
0.283
0.001
0.019
0.002
0.001
0.262
0.001
0.628
0.001
0.005
0.137
0.133
0.2
0.007
0.146
0.177
0.001
0.007
0.005
0.031
0.058
0.001
0.122
0.007
0.161
0.004
0.242
0.077
0.628
0.014
0.031
0.919
0.011
0.118
0.001
0.152
0.001
0.007
0.001
0.628
0.001
0.628
0.065
0.004
0.005
0.001
0.262
0.006
0.001
0.011
0.009
0.86
0.007
0.102
0.433
0.036
0.001
0.124
0.001
0.003
0.001
0.001
0.618
0.408
0.03
0.001
0.096
0.124
0.107
0.265
0.557
0.001
0.002
0.001
0.063
0.103
0.019
0.51
0.001
0.051
0.001
0.004
0.014
0.001
0.001
0.166
0.135
0.073
0.012
0.001
0.001
0.001
0.001
0.124
0.995
0.253
0.001
0.219
0.001
0.001
0.001
0.28
0.001
0.018
0.001
0.001
0.253
0.001
0.618
0.001
0.002
0.107
0.103
0.169
0.004
0.116
0.157
0.001
0.004
0.001
0.03
0.044
0.001
0.096
0.003
0.135
0.001
0.224
0.063
0.618
0.012
0.03
0.916
0.012
0.093
0.001
0.128
0.001
0.004
0.001
0.618
0.001
0.618
0.051
0.001
0.001
0.001
0.253
0.002
0.001
0.012
0.011
0.857
0.003
0.079
0.428
0.039
0.001
0.132
0.001
0.004
0.001
0.001
0.64
0.449
0.031
0.002
0.095
0.132
0.112
0.285
0.577
0.002
0.004
0.001
0.058
0.104
0.022
0.52
0.001
0.052
0.001
0.005
0.02
0.001
0.001
0.176
0.135
0.069
0.011
0.001
0.001
0.001
0.001
0.132
0.996
0.276
0.001
0.24
0.002
0.001
0.001
0.301
0.001
0.021
0.001
0.001
0.276
0.001
0.64
0.001
0.004
0.112
0.104
0.187
0.005
0.122
0.158
0.001
0.005
0.002
0.029
0.048
0.001
0.095
0.004
0.135
0.001
0.246
0.058
0.64
0.012
0.029
0.916
0.011
0.093
0.001
0.133
0.001
0.005
0.001
0.64
0.001
0.64
0.052
0.001
0.003
0.001
0.276
0.004
0.001
0.011
0.011
0.848
0.004
0.079
0.458
0.053
0.001
0.146
0.002
0.008
0.001
0.001
0.664
0.444
0.039
0.005
0.112
0.146
0.124
0.299
0.596
0.004
0.007
0.001
0.069
0.119
0.027
0.53
0.002
0.065
0.001
0.01
0.021
0.001
0.002
0.179
0.151
0.076
0.016
0.001
0.001
0.004
0.002
0.146
0.994
0.284
0.001
0.24
0.005
0.001
0.001
0.316
0.001
0.022
0.002
0.001
0.284
0.001
0.664
0.001
0.007
0.124
0.119
0.186
0.008
0.14
0.166
0.001
0.008
0.005
0.038
0.062
0.001
0.111
0.008
0.151
0.002
0.245
0.069
0.664
0.019
0.038
0.933
0.016
0.109
0.001
0.147
0.001
0.008
0.001
0.664
0.001
0.664
0.065
0.002
0.005
0.001
0.284
0.008
0.001
0.016
0.015
0.868
0.008
0.086
0.458
0.052
0.001
0.162
0.002
0.008
0.002
0.001
0.649
0.449
0.039
0.004
0.124
0.162
0.141
0.299
0.569
0.004
0.007
0.001
0.085
0.134
0.024
0.528
0.003
0.073
0.002
0.009
0.024
0.001
0.003
0.187
0.168
0.093
0.017
0.001
0.001
0.003
0.003
0.162
0.998
0.289
0.001
0.248
0.004
0.001
0.001
0.311
0.001
0.024
0.002
0.001
0.289
0.001
0.649
0.001
0.007
0.141
0.134
0.193
0.008
0.159
0.181
0.001
0.008
0.004
0.037
0.066
0.001
0.124
0.008
0.168
0.003
0.251
0.084
0.649
0.019
0.037
0.926
0.017
0.122
0.001
0.166
0.001
0.008
0.001
0.649
0.001
0.649
0.073
0.003
0.005
0.001
0.289
0.007
0.001
0.017
0.015
0.865
0.008
0.107
0.461
0.045
0.003
0.147
0.004
0.013
0.004
0.003
0.626
0.425
0.039
0.012
0.11
0.147
0.123
0.286
0.564
0.011
0.013
0.003
0.068
0.117
0.03
0.509
0.007
0.056
0.004
0.013
0.024
0.003
0.005
0.187
0.159
0.082
0.022
0.003
0.003
0.008
0.007
0.147
0.997
0.277
0.004
0.24
0.012
0.003
0.003
0.302
0.003
0.029
0.004
0.003
0.277
0.003
0.626
0.003
0.013
0.123
0.117
0.191
0.013
0.139
0.175
0.003
0.013
0.012
0.038
0.051
0.003
0.108
0.013
0.159
0.006
0.242
0.067
0.626
0.023
0.038
0.919
0.022
0.103
0.003
0.152
0.003
0.013
0.003
0.626
0.003
0.626
0.056
0.006
0.012
0.003
0.277
0.013
0.003
0.022
0.019
0.847
0.013
0.09
0.434
0.04
0.001
0.139
0.001
0.003
0.001
0.001
0.608
0.405
0.032
0.001
0.107
0.139
0.118
0.257
0.552
0.001
0.003
0.001
0.07
0.112
0.02
0.487
0.001
0.061
0.001
0.004
0.016
0.001
0.001
0.169
0.145
0.083
0.007
0.001
0.001
0.001
0.001
0.139
0.996
0.25
0.001
0.216
0.001
0.001
0.001
0.269
0.001
0.018
0.001
0.001
0.25
0.001
0.608
0.001
0.003
0.118
0.112
0.171
0.004
0.13
0.156
0.001
0.004
0.001
0.03
0.052
0.001
0.107
0.003
0.145
0.001
0.221
0.07
0.608
0.009
0.03
0.908
0.007
0.103
0.001
0.14
0.001
0.004
0.001
0.608
0.001
0.608
0.061
0.001
0.001
0.001
0.25
0.003
0.001
0.007
0.007
0.839
0.003
0.086
0.422
0.047
0.001
0.144
0.002
0.003
0.002
0.001
0.608
0.404
0.034
0.003
0.12
0.144
0.127
0.274
0.55
0.003
0.003
0.001
0.07
0.122
0.021
0.486
0.003
0.061
0.002
0.004
0.016
0.001
0.003
0.18
0.15
0.081
0.009
0.001
0.001
0.003
0.003
0.144
0.994
0.265
0.001
0.235
0.003
0.001
0.001
0.29
0.001
0.018
0.002
0.001
0.265
0.001
0.608
0.001
0.003
0.127
0.122
0.185
0.003
0.14
0.167
0.001
0.003
0.003
0.034
0.057
0.001
0.115
0.003
0.15
0.003
0.235
0.07
0.608
0.011
0.034
0.929
0.009
0.111
0.001
0.146
0.001
0.003
0.001
0.608
0.001
0.608
0.061
0.003
0.003
0.001
0.265
0.003
0.001
0.009
0.007
0.851
0.003
0.097
0.419
0.044
0.001
0.126
0.003
0.008
0.002
0.001
0.617
0.397
0.036
0.005
0.096
0.126
0.11
0.256
0.527
0.005
0.007
0.001
0.065
0.102
0.022
0.478
0.005
0.057
0.002
0.011
0.017
0.001
0.004
0.163
0.137
0.072
0.015
0.001
0.001
0.005
0.005
0.126
0.998
0.248
0.001
0.222
0.005
0.001
0.001
0.266
0.001
0.019
0.003
0.001
0.248
0.001
0.617
0.001
0.007
0.11
0.102
0.164
0.008
0.123
0.158
0.001
0.008
0.005
0.036
0.051
0.001
0.096
0.008
0.137
0.004
0.224
0.065
0.617
0.015
0.036
0.915
0.015
0.094
0.001
0.13
0.001
0.008
0.001
0.617
0.001
0.617
0.057
0.005
0.006
0.001
0.248
0.007
0.001
0.015
0.015
0.84
0.008
0.077
0.411
0.053
0.002
0.143
0.003
0.013
0.002
0.002
0.637
0.414
0.044
0.006
0.114
0.143
0.126
0.284
0.571
0.005
0.012
0.002
0.072
0.12
0.035
0.496
0.003
0.065
0.002
0.016
0.03
0.002
0.003
0.19
0.149
0.08
0.025
0.002
0.002
0.003
0.003
0.143
0.995
0.274
0.002
0.244
0.006
0.002
0.002
0.3
0.002
0.03
0.003
0.002
0.274
0.002
0.637
0.002
0.012
0.126
0.12
0.196
0.015
0.136
0.174
0.002
0.015
0.006
0.044
0.059
0.002
0.113
0.013
0.149
0.003
0.248
0.072
0.637
0.028
0.044
0.907
0.025
0.111
0.002
0.146
0.002
0.015
0.002
0.637
0.002
0.637
0.065
0.003
0.007
0.002
0.274
0.013
0.002
0.025
0.024
0.84
0.013
0.094
0.434
0.06
0.001
0.144
0.002
0.006
0.002
0.001
0.649
0.437
0.049
0.005
0.114
0.144
0.127
0.298
0.588
0.004
0.006
0.001
0.081
0.119
0.029
0.529
0.002
0.07
0.002
0.009
0.023
0.001
0.002
0.178
0.149
0.086
0.018
0.001
0.001
0.002
0.002
0.144
0.994
0.281
0.002
0.242
0.005
0.001
0.002
0.315
0.001
0.025
0.002
0.001
0.281
0.001
0.649
0.001
0.006
0.127
0.119
0.181
0.009
0.141
0.166
0.001
0.009
0.005
0.047
0.065
0.002
0.112
0.006
0.149
0.002
0.246
0.081
0.649
0.021
0.047
0.92
0.018
0.107
0.001
0.145
0.001
0.009
0.001
0.649
0.001
0.649
0.07
0.002
0.005
0.001
0.281
0.006
0.001
0.018
0.016
0.863
0.006
0.092
0.447
0.051
0.002
0.139
0.003
0.01
0.002
0.001
0.635
0.425
0.044
0.01
0.112
0.139
0.123
0.286
0.578
0.008
0.01
0.001
0.072
0.12
0.026
0.523
0.006
0.066
0.002
0.011
0.023
0.002
0.003
0.172
0.146
0.081
0.019
0.001
0.001
0.006
0.006
0.139
0.996
0.265
0.002
0.222
0.01
0.001
0.002
0.302
0.001
0.025
0.003
0.001
0.265
0.001
0.635
0.001
0.01
0.123
0.12
0.174
0.011
0.133
0.157
0.002
0.011
0.01
0.04
0.06
0.002
0.111
0.01
0.146
0.005
0.228
0.072
0.635
0.021
0.04
0.914
0.019
0.108
0.001
0.142
0.001
0.011
0.002
0.635
0.002
0.635
0.066
0.006
0.01
0.001
0.265
0.01
0.002
0.019
0.018
0.851
0.01
0.091
0.438
0.042
0.001
0.15
0.003
0.006
0.002
0.001
0.643
0.416
0.033
0.005
0.112
0.15
0.123
0.262
0.57
0.004
0.006
0.001
0.067
0.119
0.02
0.5
0.004
0.055
0.002
0.006
0.016
0.001
0.003
0.18
0.156
0.077
0.009
0.001
0.001
0.004
0.004
0.15
0.995
0.249
0.002
0.22
0.005
0.001
0.002
0.276
0.001
0.017
0.003
0.001
0.249
0.001
0.643
0.001
0.006
0.123
0.119
0.187
0.006
0.145
0.169
0.001
0.006
0.005
0.033
0.049
0.002
0.112
0.006
0.156
0.003
0.221
0.067
0.643
0.011
0.033
0.925
0.009
0.108
0.001
0.152
0.001
0.006
0.001
0.643
0.001
0.643
0.055
0.004
0.005
0.001
0.249
0.006
0.001
0.009
0.008
0.867
0.006
0.086
0.43
0.04
0.001
0.137
0.001
0.007
0.001
0.001
0.632
0.441
0.03
0.006
0.114
0.137
0.122
0.285
0.571
0.006
0.006
0.001
0.061
0.119
0.02
0.515
0.004
0.053
0.001
0.007
0.019
0.001
0.002
0.183
0.147
0.079
0.015
0.001
0.001
0.004
0.004
0.137
0.999
0.271
0.001
0.231
0.006
0.001
0.001
0.297
0.001
0.019
0.001
0.001
0.271
0.001
0.632
0.001
0.006
0.122
0.119
0.188
0.007
0.134
0.164
0.001
0.007
0.006
0.029
0.048
0.001
0.112
0.007
0.147
0.004
0.234
0.061
0.632
0.017
0.029
0.931
0.015
0.108
0.001
0.14
0.001
0.007
0.001
0.632
0.001
0.632
0.053
0.004
0.006
0.001
0.271
0.006
0.001
0.015
0.014
0.877
0.007
0.087
0.451
0.043
0.001
0.137
0.003
0.006
0.002
0.001
0.638
0.424
0.033
0.005
0.102
0.137
0.115
0.277
0.565
0.005
0.005
0.001
0.066
0.108
0.022
0.506
0.005
0.054
0.002
0.007
0.018
0.001
0.003
0.18
0.153
0.072
0.012
0.001
0.001
0.005
0.005
0.137
0.999
0.267
0.002
0.234
0.005
0.001
0.002
0.29
0.001
0.019
0.003
0.001
0.267
0.001
0.639
0.001
0.005
0.115
0.108
0.187
0.006
0.134
0.167
0.001
0.006
0.005
0.033
0.047
0.002
0.102
0.006
0.153
0.004
0.237
0.066
0.638
0.014
0.033
0.922
0.012
0.095
0.001
0.141
0.001
0.006
0.002
0.639
0.001
0.639
0.054
0.004
0.005
0.001
0.267
0.005
0.001
0.012
0.011
0.867
0.006
0.076
0.438
0.043
0.003
0.138
0.005
0.008
0.003
0.003
0.606
0.416
0.037
0.005
0.115
0.138
0.12
0.281
0.54
0.005
0.007
0.003
0.063
0.119
0.026
0.496
0.005
0.052
0.003
0.009
0.025
0.003
0.005
0.183
0.151
0.077
0.019
0.003
0.003
0.005
0.005
0.138
0.994
0.27
0.003
0.231
0.005
0.003
0.003
0.29
0.003
0.025
0.005
0.003
0.27
0.003
0.606
0.003
0.007
0.12
0.119
0.185
0.008
0.133
0.168
0.003
0.008
0.005
0.035
0.051
0.003
0.114
0.008
0.151
0.005
0.238
0.063
0.606
0.02
0.035
0.909
0.019
0.107
0.003
0.143
0.003
0.008
0.003
0.606
0.003
0.606
0.052
0.005
0.005
0.003
0.27
0.007
0.003
0.019
0.018
0.842
0.008
0.092
0.426
0.054
0.001
0.141
0.003
0.008
0.002
0.001
0.628
0.431
0.042
0.004
0.106
0.141
0.119
0.274
0.558
0.004
0.007
0.001
0.072
0.113
0.022
0.505
0.004
0.063
0.002
0.011
0.02
0.001
0.003
0.173
0.149
0.078
0.016
0.001
0.001
0.004
0.004
0.141
0.993
0.259
0.001
0.222
0.004
0.001
0.001
0.29
0.001
0.021
0.003
0.001
0.259
0.001
0.628
0.001
0.007
0.119
0.113
0.178
0.01
0.136
0.164
0.001
0.01
0.004
0.04
0.06
0.001
0.105
0.008
0.149
0.003
0.223
0.072
0.628
0.016
0.04
0.907
0.016
0.103
0.001
0.145
0.001
0.01
0.001
0.628
0.001
0.628
0.063
0.004
0.004
0.001
0.259
0.007
0.001
0.016
0.015
0.838
0.008
0.084
0.44
0.06
0.001
0.148
0.001
0.007
0.001
0.001
0.64
0.445
0.041
0.005
0.117
0.148
0.134
0.281
0.576
0.005
0.006
0.001
0.081
0.129
0.029
0.518
0.002
0.073
0.001
0.007
0.022
0.001
0.002
0.182
0.153
0.09
0.018
0.001
0.001
0.003
0.002
0.148
0.997
0.271
0.001
0.231
0.005
0.001
0.001
0.304
0.001
0.025
0.001
0.001
0.271
0.001
0.64
0.001
0.006
0.134
0.129
0.183
0.007
0.146
0.168
0.001
0.007
0.005
0.041
0.07
0.001
0.116
0.007
0.153
0.002
0.235
0.081
0.64
0.018
0.041
0.911
0.018
0.114
0.001
0.15
0.001
0.007
0.001
0.64
0.001
0.64
0.073
0.002
0.005
0.001
0.271
0.007
0.001
0.018
0.013
0.845
0.007
0.097
0.454
0.05
0.001
0.138
0.001
0.007
0.001
0.001
0.629
0.427
0.04
0.004
0.106
0.138
0.119
0.273
0.569
0.003
0.006
0.001
0.068
0.112
0.026
0.521
0.001
0.063
0.001
0.008
0.016
0.001
0.001
0.174
0.147
0.079
0.011
0.001
0.001
0.001
0.001
0.138
0.998
0.262
0.001
0.225
0.004
0.001
0.001
0.291
0.001
0.019
0.001
0.001
0.262
0.001
0.629
0.001
0.006
0.119
0.112
0.174
0.008
0.132
0.161
0.001
0.008
0.004
0.037
0.062
0.001
0.106
0.007
0.147
0.001
0.229
0.068
0.629
0.011
0.037
0.915
0.011
0.104
0.001
0.14
0.001
0.008
0.001
0.629
0.001
0.629
0.063
0.001
0.005
0.001
0.262
0.006
0.001
0.011
0.011
0.853
0.007
0.086
0.444
0.041
0.001
0.139
0.002
0.006
0.002
0.001
0.639
0.437
0.027
0.005
0.102
0.139
0.121
0.275
0.572
0.004
0.006
0.001
0.066
0.11
0.02
0.513
0.002
0.053
0.002
0.007
0.016
0.001
0.002
0.183
0.148
0.08
0.013
0.001
0.001
0.002
0.002
0.139
0.993
0.263
0.001
0.231
0.005
0.001
0.001
0.291
0.001
0.018
0.002
0.001
0.263
0.001
0.639
0.001
0.006
0.121
0.11
0.188
0.007
0.133
0.167
0.001
0.007
0.005
0.027
0.049
0.001
0.101
0.006
0.148
0.002
0.235
0.066
0.639
0.014
0.027
0.915
0.013
0.099
0.001
0.143
0.001
0.007
0.001
0.639
0.001
0.639
0.053
0.002
0.006
0.001
0.263
0.006
0.001
0.013
0.012
0.857
0.006
0.086
0.452
0.051
0.001
0.148
0.003
0.009
0.003
0.001
0.646
0.448
0.043
0.008
0.113
0.148
0.127
0.307
0.584
0.007
0.008
0.001
0.071
0.118
0.027
0.528
0.005
0.061
0.003
0.009
0.018
0.001
0.004
0.196
0.165
0.082
0.013
0.001
0.001
0.006
0.005
0.148
1
0.297
0.002
0.254
0.008
0.001
0.002
0.315
0.001
0.02
0.004
0.001
0.297
0.001
0.646
0.001
0.008
0.127
0.118
0.202
0.009
0.143
0.183
0.001
0.009
0.008
0.043
0.056
0.002
0.112
0.009
0.165
0.005
0.256
0.071
0.646
0.015
0.043
0.924
0.013
0.103
0.001
0.15
0.001
0.009
0.002
0.646
0.001
0.646
0.061
0.005
0.008
0.001
0.297
0.008
0.001
0.013
0.013
0.87
0.009
0.089
0.462
0.046
0.001
0.152
0.001
0.008
0.001
0.001
0.62
0.42
0.034
0.005
0.115
0.152
0.131
0.286
0.55
0.005
0.007
0.001
0.069
0.122
0.024
0.49
0.004
0.058
0.001
0.009
0.022
0.001
0.003
0.2
0.161
0.075
0.018
0.001
0.001
0.004
0.004
0.152
0.997
0.275
0.001
0.248
0.005
0.001
0.001
0.297
0.001
0.023
0.002
0.001
0.275
0.001
0.62
0.001
0.007
0.131
0.122
0.205
0.008
0.144
0.18
0.001
0.008
0.005
0.033
0.052
0.001
0.113
0.008
0.161
0.003
0.251
0.069
0.62
0.021
0.033
0.931
0.018
0.111
0.001
0.154
0.001
0.008
0.001
0.62
0.001
0.62
0.058
0.004
0.006
0.001
0.275
0.007
0.001
0.018
0.015
0.868
0.008
0.081
0.429
0.061
0.002
0.156
0.005
0.014
0.004
0.002
0.648
0.444
0.047
0.009
0.117
0.156
0.13
0.315
0.58
0.009
0.012
0.002
0.078
0.125
0.033
0.522
0.006
0.07
0.004
0.014
0.03
0.002
0.005
0.2
0.165
0.089
0.02
0.002
0.002
0.006
0.006
0.156
0.998
0.303
0.002
0.273
0.009
0.002
0.002
0.329
0.002
0.031
0.005
0.002
0.303
0.002
0.648
0.002
0.012
0.13
0.125
0.21
0.014
0.153
0.182
0.002
0.014
0.009
0.046
0.067
0.002
0.116
0.014
0.165
0.005
0.276
0.078
0.648
0.022
0.046
0.931
0.02
0.113
0.002
0.158
0.002
0.014
0.002
0.648
0.002
0.648
0.07
0.005
0.01
0.002
0.303
0.012
0.002
0.02
0.017
0.86
0.014
0.095
0.456
0.049
0.002
0.139
0.003
0.008
0.003
0.002
0.62
0.413
0.035
0.007
0.106
0.139
0.119
0.262
0.567
0.007
0.008
0.002
0.061
0.114
0.022
0.508
0.004
0.057
0.003
0.008
0.018
0.002
0.004
0.186
0.153
0.073
0.018
0.002
0.002
0.005
0.004
0.139
0.995
0.251
0.002
0.233
0.007
0.002
0.002
0.274
0.002
0.02
0.003
0.002
0.251
0.002
0.62
0.002
0.008
0.119
0.114
0.188
0.008
0.134
0.168
0.002
0.008
0.007
0.035
0.056
0.002
0.102
0.008
0.153
0.004
0.233
0.061
0.62
0.018
0.035
0.903
0.018
0.101
0.002
0.147
0.002
0.008
0.002
0.62
0.002
0.62
0.057
0.004
0.008
0.002
0.251
0.008
0.002
0.018
0.012
0.837
0.008
0.083
0.43
0.042
0.001
0.128
0.002
0.006
0.001
0.001
0.637
0.428
0.034
0.003
0.103
0.128
0.114
0.26
0.564
0.003
0.006
0.001
0.063
0.109
0.023
0.508
0.002
0.059
0.001
0.007
0.015
0.001
0.002
0.163
0.135
0.073
0.014
0.001
0.001
0.002
0.002
0.128
0.995
0.251
0.001
0.219
0.003
0.001
0.001
0.28
0.001
0.019
0.002
0.001
0.251
0.001
0.637
0.001
0.006
0.114
0.109
0.166
0.006
0.124
0.152
0.001
0.006
0.003
0.034
0.051
0.001
0.101
0.006
0.135
0.002
0.22
0.063
0.637
0.015
0.034
0.925
0.014
0.098
0.001
0.131
0.001
0.006
0.001
0.637
0.001
0.637
0.059
0.002
0.003
0.001
0.251
0.006
0.001
0.014
0.011
0.852
0.006
0.083
0.44
0.048
0.001
0.153
0.002
0.006
0.001
0.001
0.667
0.459
0.038
0.005
0.116
0.153
0.132
0.308
0.586
0.004
0.006
0.001
0.074
0.125
0.023
0.543
0.004
0.062
0.001
0.008
0.02
0.001
0.002
0.197
0.164
0.084
0.014
0.001
0.001
0.004
0.004
0.153
0.995
0.298
0.001
0.255
0.005
0.001
0.001
0.319
0.001
0.021
0.002
0.001
0.298
0.001
0.667
0.001
0.006
0.132
0.125
0.207
0.007
0.149
0.185
0.001
0.007
0.005
0.038
0.055
0.001
0.115
0.006
0.164
0.002
0.261
0.073
0.667
0.016
0.038
0.93
0.014
0.112
0.001
0.157
0.001
0.007
0.001
0.667
0.001
0.667
0.062
0.003
0.005
0.001
0.298
0.006
0.001
0.014
0.014
0.874
0.006
0.093
0.471
0.044
0.002
0.15
0.003
0.006
0.003
0.002
0.641
0.428
0.033
0.006
0.115
0.15
0.131
0.297
0.573
0.005
0.006
0.002
0.071
0.122
0.016
0.506
0.004
0.059
0.003
0.007
0.013
0.002
0.004
0.2
0.158
0.08
0.011
0.002
0.002
0.004
0.004
0.15
0.995
0.278
0.002
0.251
0.006
0.002
0.002
0.313
0.002
0.014
0.003
0.002
0.278
0.002
0.641
0.002
0.006
0.131
0.122
0.205
0.006
0.144
0.174
0.002
0.006
0.006
0.033
0.054
0.002
0.113
0.006
0.158
0.004
0.253
0.071
0.641
0.012
0.033
0.924
0.011
0.11
0.002
0.154
0.002
0.006
0.002
0.641
0.002
0.641
0.059
0.004
0.006
0.002
0.278
0.006
0.002
0.011
0.01
0.85
0.006
0.092
0.439
0.045
0.001
0.128
0.002
0.011
0.001
0.001
0.62
0.422
0.036
0.005
0.092
0.128
0.105
0.266
0.554
0.005
0.011
0.001
0.059
0.098
0.024
0.502
0.003
0.052
0.001
0.013
0.022
0.001
0.002
0.159
0.136
0.065
0.018
0.001
0.001
0.003
0.003
0.128
0.997
0.258
0.001
0.217
0.005
0.001
0.001
0.284
0.001
0.022
0.002
0.001
0.258
0.001
0.62
0.001
0.011
0.105
0.098
0.162
0.013
0.12
0.149
0.001
0.013
0.005
0.036
0.047
0.001
0.09
0.011
0.136
0.003
0.219
0.059
0.62
0.021
0.036
0.894
0.018
0.09
0.001
0.129
0.001
0.013
0.001
0.62
0.001
0.62
0.052
0.003
0.006
0.001
0.258
0.011
0.001
0.018
0.017
0.832
0.011
0.077
0.436
0.041
0.001
0.148
0.003
0.006
0.001
0.001
0.624
0.426
0.036
0.003
0.113
0.148
0.126
0.274
0.567
0.003
0.005
0.001
0.068
0.121
0.025
0.495
0.003
0.059
0.001
0.006
0.02
0.001
0.003
0.184
0.153
0.08
0.016
0.001
0.001
0.003
0.003
0.148
0.993
0.266
0.001
0.231
0.003
0.001
0.001
0.289
0.001
0.022
0.003
0.001
0.266
0.001
0.624
0.001
0.005
0.126
0.121
0.19
0.006
0.137
0.171
0.001
0.006
0.003
0.036
0.054
0.001
0.112
0.006
0.153
0.003
0.235
0.068
0.624
0.018
0.036
0.904
0.016
0.107
0.001
0.151
0.001
0.006
0.001
0.624
0.001
0.624
0.059
0.003
0.004
0.001
0.266
0.005
0.001
0.016
0.016
0.839
0.006
0.089
0.44
0.052
0.001
0.141
0.003
0.007
0.001
0.001
0.621
0.402
0.04
0.007
0.116
0.141
0.132
0.273
0.557
0.007
0.007
0.001
0.077
0.125
0.026
0.49
0.005
0.071
0.001
0.008
0.019
0.001
0.004
0.18
0.149
0.086
0.016
0.001
0.001
0.006
0.005
0.141
0.999
0.266
0.001
0.228
0.007
0.001
0.001
0.284
0.001
0.023
0.003
0.001
0.266
0.001
0.621
0.001
0.007
0.132
0.125
0.185
0.007
0.136
0.167
0.001
0.007
0.007
0.039
0.064
0.001
0.116
0.007
0.149
0.004
0.232
0.077
0.621
0.016
0.039
0.905
0.016
0.113
0.001
0.145
0.001
0.007
0.001
0.621
0.001
0.621
0.071
0.005
0.007
0.001
0.266
0.007
0.001
0.016
0.014
0.827
0.007
0.095
0.408
0.037
0.001
0.122
0.001
0.007
0.001
0.001
0.617
0.423
0.027
0.006
0.086
0.122
0.104
0.262
0.543
0.006
0.007
0.001
0.055
0.095
0.018
0.484
0.003
0.048
0.001
0.008
0.014
0.001
0.001
0.148
0.129
0.062
0.009
0.001
0.001
0.004
0.003
0.122
0.994
0.248
0.001
0.211
0.006
0.001
0.001
0.275
0.001
0.016
0.001
0.001
0.248
0.001
0.617
0.001
0.007
0.104
0.095
0.153
0.008
0.117
0.137
0.001
0.008
0.006
0.027
0.045
0.001
0.086
0.007
0.129
0.001
0.213
0.055
0.617
0.01
0.027
0.91
0.009
0.08
0.001
0.124
0.001
0.008
0.001
0.617
0.001
0.617
0.048
0.002
0.006
0.001
0.248
0.007
0.001
0.009
0.008
0.844
0.007
0.069
0.431
0.058
0.001
0.144
0.002
0.009
0.002
0.001
0.66
0.45
0.045
0.005
0.113
0.144
0.123
0.298
0.579
0.005
0.009
0.001
0.078
0.12
0.032
0.528
0.003
0.07
0.002
0.01
0.025
0.001
0.003
0.18
0.15
0.085
0.017
0.001
0.001
0.004
0.003
0.144
0.996
0.291
0.001
0.248
0.005
0.001
0.001
0.311
0.001
0.027
0.002
0.001
0.291
0.001
0.66
0.001
0.009
0.123
0.12
0.183
0.009
0.137
0.165
0.001
0.009
0.005
0.042
0.066
0.001
0.112
0.009
0.15
0.003
0.252
0.078
0.66
0.02
0.042
0.921
0.017
0.108
0.001
0.144
0.001
0.009
0.001
0.66
0.001
0.66
0.07
0.003
0.005
0.001
0.291
0.009
0.001
0.017
0.015
0.848
0.009
0.093
0.462
0.05
0.001
0.152
0.002
0.006
0.001
0.001
0.66
0.436
0.04
0.004
0.116
0.152
0.129
0.303
0.587
0.004
0.006
0.001
0.077
0.123
0.022
0.522
0.004
0.064
0.001
0.009
0.02
0.001
0.002
0.197
0.164
0.085
0.014
0.001
0.001
0.004
0.004
0.152
0.996
0.289
0.001
0.254
0.004
0.001
0.001
0.312
0.001
0.021
0.002
0.001
0.289
0.001
0.66
0.001
0.006
0.129
0.123
0.199
0.008
0.147
0.184
0.001
0.008
0.004
0.038
0.058
0.001
0.113
0.006
0.164
0.003
0.257
0.077
0.66
0.016
0.038
0.924
0.014
0.111
0.001
0.154
0.001
0.008
0.001
0.66
0.001
0.66
0.064
0.004
0.004
0.001
0.289
0.006
0.001
0.014
0.013
0.871
0.006
0.092
0.44
0.055
0.001
0.145
0.002
0.009
0.001
0.001
0.625
0.417
0.044
0.005
0.115
0.145
0.127
0.279
0.545
0.004
0.009
0.001
0.081
0.123
0.031
0.491
0.003
0.072
0.001
0.01
0.024
0.001
0.002
0.183
0.156
0.092
0.018
0.001
0.001
0.003
0.003
0.145
0.992
0.267
0.001
0.24
0.005
0.001
0.001
0.293
0.001
0.025
0.002
0.001
0.267
0.001
0.625
0.001
0.009
0.127
0.123
0.19
0.009
0.143
0.172
0.001
0.009
0.005
0.042
0.067
0.001
0.114
0.009
0.156
0.002
0.241
0.081
0.625
0.02
0.042
0.91
0.018
0.113
0.001
0.149
0.001
0.009
0.001
0.625
0.001
0.625
0.072
0.002
0.008
0.001
0.267
0.009
0.001
0.018
0.015
0.846
0.009
0.095
0.431
0.051
0.001
0.143
0.001
0.007
0.001
0.001
0.65
0.425
0.04
0.003
0.119
0.143
0.13
0.288
0.577
0.003
0.006
0.001
0.073
0.125
0.025
0.508
0.002
0.068
0.001
0.007
0.017
0.001
0.001
0.184
0.153
0.08
0.014
0.001
0.001
0.002
0.002
0.143
0.995
0.271
0.001
0.237
0.003
0.001
0.001
0.3
0.001
0.022
0.001
0.001
0.271
0.001
0.65
0.001
0.006
0.13
0.125
0.189
0.007
0.14
0.171
0.001
0.007
0.003
0.037
0.062
0.001
0.116
0.007
0.153
0.002
0.238
0.073
0.65
0.015
0.037
0.921
0.014
0.113
0.001
0.148
0.001
0.007
0.001
0.65
0.001
0.65
0.068
0.002
0.003
0.001
0.271
0.006
0.001
0.014
0.014
0.856
0.007
0.092
0.434
0.063
0.001
0.147
0.001
0.004
0.001
0.001
0.641
0.446
0.05
0.001
0.119
0.147
0.127
0.301
0.587
0.001
0.002
0.001
0.082
0.124
0.03
0.528
0.001
0.072
0.001
0.006
0.022
0.001
0.001
0.199
0.16
0.092
0.014
0.001
0.001
0.001
0.001
0.147
0.996
0.287
0.001
0.261
0.001
0.001
0.001
0.315
0.001
0.027
0.001
0.001
0.287
0.001
0.641
0.001
0.002
0.127
0.124
0.2
0.005
0.14
0.189
0.001
0.005
0.001
0.049
0.067
0.001
0.119
0.004
0.16
0.001
0.261
0.082
0.641
0.02
0.049
0.911
0.014
0.112
0.001
0.154
0.001
0.005
0.001
0.641
0.001
0.641
0.072
0.001
0.001
0.001
0.287
0.002
0.001
0.014
0.013
0.857
0.004
0.098
0.458
0.05
0.001
0.139
0.001
0.004
0.001
0.001
0.654
0.438
0.037
0.003
0.108
0.139
0.119
0.283
0.586
0.003
0.004
0.001
0.067
0.116
0.028
0.525
0.002
0.059
0.001
0.006
0.021
0.001
0.001
0.176
0.144
0.081
0.014
0.001
0.001
0.002
0.002
0.139
0.995
0.273
0.001
0.242
0.003
0.001
0.001
0.299
0.001
0.023
0.001
0.001
0.273
0.001
0.654
0.001
0.004
0.119
0.116
0.182
0.005
0.135
0.163
0.001
0.005
0.003
0.037
0.058
0.001
0.106
0.004
0.144
0.002
0.248
0.067
0.654
0.016
0.037
0.93
0.014
0.101
0.001
0.141
0.001
0.005
0.001
0.654
0.001
0.654
0.059
0.002
0.004
0.001
0.273
0.004
0.001
0.014
0.013
0.878
0.004
0.092
0.457
0.056
0.001
0.148
0.001
0.009
0.001
0.001
0.635
0.435
0.038
0.006
0.114
0.148
0.13
0.28
0.566
0.006
0.008
0.001
0.066
0.125
0.03
0.508
0.005
0.061
0.001
0.01
0.027
0.001
0.001
0.198
0.163
0.075
0.02
0.001
0.001
0.005
0.005
0.148
0.996
0.272
0.001
0.242
0.006
0.001
0.001
0.293
0.001
0.029
0.001
0.001
0.272
0.001
0.636
0.001
0.008
0.13
0.125
0.2
0.009
0.143
0.178
0.001
0.009
0.006
0.038
0.059
0.001
0.107
0.009
0.163
0.003
0.243
0.066
0.635
0.023
0.038
0.924
0.02
0.101
0.001
0.15
0.001
0.009
0.001
0.636
0.001
0.636
0.061
0.005
0.007
0.001
0.272
0.008
0.001
0.02
0.018
0.86
0.009
0.082
0.449
