0.922
0.064
0.671
0.064
0.968
0.951
0.903
0.968
0.968
0.951
0.903
0.968
0.903
0.324
0.324
0.709
0.903
0.671
0.822
0.903
0.709
0.903
0.524
0.822
0.921
0.067
0.671
0.067
0.977
0.965
0.897
0.977
0.977
0.965
0.897
0.977
0.897
0.325
0.325
0.715
0.897
0.671
0.806
0.897
0.715
0.897
0.525
0.806
0.893
0.057
0.665
0.057
0.96
0.943
0.874
0.96
0.96
0.943
0.874
0.96
0.874
0.343
0.343
0.701
0.874
0.665
0.789
0.874
0.701
0.874
0.522
0.789
0.912
0.055
0.651
0.055
0.965
0.948
0.884
0.965
0.965
0.948
0.884
0.965
0.884
0.301
0.301
0.693
0.884
0.651
0.796
0.884
0.693
0.884
0.492
0.796
0.924
0.056
0.648
0.056
0.971
0.96
0.896
0.971
0.971
0.96
0.896
0.971
0.896
0.306
0.306
0.692
0.896
0.648
0.802
0.896
0.692
0.896
0.508
0.802
0.921
0.056
0.679
0.056
0.971
0.959
0.898
0.971
0.971
0.959
0.898
0.971
0.898
0.307
0.307
0.713
0.898
0.679
0.817
0.898
0.713
0.898
0.544
0.817
0.911
0.071
0.65
0.071
0.966
0.948
0.897
0.966
0.966
0.948
0.897
0.966
0.897
0.291
0.291
0.696
0.897
0.65
0.795
0.897
0.696
0.897
0.5
0.795
0.913
0.049
0.649
0.049
0.973
0.954
0.895
0.973
0.973
0.954
0.895
0.973
0.895
0.313
0.313
0.691
0.895
0.649
0.781
0.895
0.691
0.895
0.509
0.781
0.914
0.059
0.669
0.059
0.966
0.948
0.895
0.966
0.966
0.948
0.895
0.966
0.895
0.327
0.327
0.704
0.895
0.669
0.815
0.895
0.704
0.895
0.522
0.815
0.911
0.046
0.699
0.046
0.961
0.95
0.898
0.961
0.961
0.95
0.898
0.961
0.898
0.335
0.335
0.739
0.898
0.699
0.831
0.898
0.739
0.898
0.543
0.831
0.915
0.056
0.66
0.056
0.971
0.957
0.892
0.971
0.971
0.957
0.892
0.971
0.892
0.329
0.329
0.703
0.892
0.66
0.798
0.892
0.703
0.892
0.521
0.798
0.903
0.053
0.66
0.053
0.968
0.949
0.88
0.968
0.968
0.949
0.88
0.968
0.88
0.317
0.317
0.695
0.88
0.66
0.789
0.88
0.695
0.88
0.521
0.789
0.922
0.052
0.657
0.052
0.974
0.965
0.899
0.974
0.974
0.965
0.899
0.974
0.899
0.315
0.315
0.696
0.899
0.657
0.815
0.899
0.696
0.899
0.514
0.815
0.912
0.046
0.672
0.046
0.969
0.956
0.887
0.969
0.969
0.956
0.887
0.969
0.887
0.312
0.312
0.705
0.887
0.672
0.8
0.887
0.705
0.887
0.513
0.8
0.915
0.041
0.65
0.041
0.967
0.952
0.898
0.967
0.967
0.952
0.898
0.967
0.898
0.292
0.292
0.692
0.898
0.65
0.813
0.898
0.692
0.898
0.506
0.813
0.912
0.052
0.678
0.052
0.968
0.954
0.891
0.968
0.968
0.954
0.891
0.968
0.891
0.302
0.302
0.707
0.891
0.678
0.812
0.891
0.707
0.891
0.506
0.812
0.899
0.053
0.653
0.053
0.961
0.949
0.866
0.961
0.961
0.949
0.866
0.961
0.866
0.31
0.31
0.681
0.866
0.653
0.779
0.866
0.681
0.866
0.507
0.779
0.898
0.068
0.642
0.068
0.961
0.944
0.876
0.961
0.961
0.944
0.876
0.961
0.876
0.304
0.304
0.682
0.876
0.642
0.802
0.876
0.682
0.876
0.508
0.802
0.911
0.052
0.659
0.052
0.966
0.953
0.896
0.966
0.966
0.953
0.896
0.966
0.896
0.311
0.311
0.694
0.896
0.659
0.811
0.896
0.694
0.896
0.498
0.811
0.927
0.061
0.67
0.061
0.966
0.957
0.902
0.966
0.966
0.957
0.902
0.966
0.902
0.315
0.315
0.71
0.902
0.67
0.808
0.902
0.71
0.902
0.493
0.808
0.928
0.056
0.71
0.056
0.962
0.955
0.906
0.962
0.962
0.955
0.906
0.962
0.906
0.336
0.336
0.743
0.906
0.71
0.831
0.906
0.743
0.906
0.563
0.831
0.913
0.056
0.674
0.056
0.974
0.959
0.902
0.974
0.974
0.959
0.902
0.974
0.902
0.314
0.314
0.712
0.902
0.674
0.822
0.902
0.712
0.902
0.529
0.822
0.924
0.06
0.693
0.06
0.971
0.962
0.897
0.971
0.971
0.962
0.897
0.971
0.897
0.346
0.346
0.723
0.897
0.693
0.798
0.897
0.723
0.897
0.557
0.798
0.916
0.067
0.691
0.067
0.973
0.963
0.901
0.973
0.973
0.963
0.901
0.973
0.901
0.343
0.343
0.728
0.901
0.691
0.817
0.901
0.728
0.901
0.549
0.817
0.904
0.066
0.677
0.066
0.961
0.947
0.887
0.961
0.961
0.947
0.887
0.961
0.887
0.314
0.314
0.711
0.887
0.677
0.807
0.887
0.711
0.887
0.523
0.807
0.914
0.063
0.678
0.063
0.965
0.946
0.897
0.965
0.965
0.946
0.897
0.965
0.897
0.331
0.331
0.715
0.897
0.678
0.814
0.897
0.715
0.897
0.533
0.814
0.898
0.05
0.672
0.05
0.964
0.944
0.883
0.964
0.964
0.944
0.883
0.964
0.883
0.296
0.296
0.706
0.883
0.672
0.802
0.883
0.706
0.883
0.523
0.802
0.896
0.045
0.661
0.045
0.955
0.943
0.865
0.955
0.955
0.943
0.865
0.955
0.865
0.313
0.313
0.697
0.865
0.661
0.783
0.865
0.697
0.865
0.501
0.783
0.924
0.051
0.677
0.051
0.973
0.966
0.902
0.973
0.973
0.966
0.902
0.973
0.902
0.304
0.304
0.712
0.902
0.677
0.817
0.902
0.712
0.902
0.501
0.817
0.924
0.037
0.684
0.037
0.974
0.966
0.903
0.974
0.974
0.966
0.903
0.974
0.903
0.321
0.321
0.718
0.903
0.684
0.823
0.903
0.718
0.903
0.534
0.823
0.915
0.054
0.681
0.054
0.97
0.959
0.893
0.97
0.97
0.959
0.893
0.97
0.893
0.303
0.303
0.712
0.893
0.681
0.808
0.893
0.712
0.893
0.52
0.808
0.923
0.053
0.646
0.053
0.963
0.952
0.906
0.963
0.963
0.952
0.906
0.963
0.906
0.326
0.326
0.698
0.906
0.646
0.8
0.906
0.698
0.906
0.521
0.8
0.908
0.05
0.647
0.05
0.96
0.95
0.893
0.96
0.96
0.95
0.893
0.96
0.893
0.28
0.28
0.685
0.893
0.647
0.797
0.893
0.685
0.893
0.478
0.797
0.913
0.054
0.669
0.054
0.963
0.948
0.89
0.963
0.963
0.948
0.89
0.963
0.89
0.302
0.302
0.699
0.89
0.669
0.798
0.89
0.699
0.89
0.519
0.798
0.93
0.055
0.691
0.055
0.973
0.961
0.911
0.973
0.973
0.961
0.911
0.973
0.911
0.328
0.328
0.721
0.911
0.691
0.815
0.911
0.721
0.911
0.53
0.815
0.91
0.047
0.674
0.047
0.968
0.95
0.887
0.968
0.968
0.95
0.887
0.968
0.887
0.338
0.338
0.711
0.887
0.674
0.806
0.887
0.711
0.887
0.531
0.806
0.911
0.064
0.665
0.064
0.973
0.954
0.885
0.973
0.973
0.954
0.885
0.973
0.885
0.31
0.31
0.706
0.885
0.665
0.801
0.885
0.706
0.885
0.53
0.801
0.925
0.062
0.668
0.062
0.971
0.965
0.895
0.971
0.971
0.965
0.895
0.971
0.895
0.315
0.315
0.704
0.895
0.668
0.818
0.895
0.704
0.895
0.527
0.818
0.901
0.04
0.651
0.04
0.959
0.946
0.88
0.959
0.959
0.946
0.88
0.959
0.88
0.309
0.309
0.685
0.88
0.651
0.784
0.88
0.685
0.88
0.519
0.784
0.915
0.055
0.672
0.055
0.966
0.949
0.895
0.966
0.966
0.949
0.895
0.966
0.895
0.321
0.321
0.707
0.895
0.672
0.809
0.895
0.707
0.895
0.534
0.809
0.91
0.046
0.665
0.046
0.972
0.955
0.894
0.972
0.972
0.955
0.894
0.972
0.894
0.301
0.301
0.709
0.894
0.665
0.812
0.894
0.709
0.894
0.518
0.812
0.916
0.043
0.669
0.043
0.971
0.957
0.895
0.971
0.971
0.957
0.895
0.971
0.895
0.293
0.293
0.705
0.895
0.669
0.804
0.895
0.705
0.895
0.523
0.804
0.905
0.054
0.642
0.054
0.971
0.957
0.884
0.971
0.971
0.957
0.884
0.971
0.884
0.292
0.292
0.685
0.884
0.642
0.804
0.884
0.685
0.884
0.496
0.804
0.915
0.066
0.65
0.066
0.967
0.953
0.891
0.967
0.967
0.953
0.891
0.967
0.891
0.295
0.295
0.693
0.891
0.65
0.791
0.891
0.693
0.891
0.506
0.791
0.916
0.057
0.675
0.057
0.974
0.958
0.896
0.974
0.974
0.958
0.896
0.974
0.896
0.315
0.315
0.711
0.896
0.675
0.808
0.896
0.711
0.896
0.522
0.808
0.91
0.045
0.659
0.045
0.963
0.952
0.889
0.963
0.963
0.952
0.889
0.963
0.889
0.298
0.298
0.691
0.889
0.659
0.794
0.889
0.691
0.889
0.531
0.794
0.903
0.053
0.654
0.053
0.967
0.95
0.884
0.967
0.967
0.95
0.884
0.967
0.884
0.298
0.298
0.69
0.884
0.654
0.798
0.884
0.69
0.884
0.505
0.798
0.929
0.052
0.648
0.052
0.979
0.969
0.907
0.979
0.979
0.969
0.907
0.979
0.907
0.299
0.299
0.699
0.907
0.648
0.801
0.907
0.699
0.907
0.492
0.801
0.937
0.053
0.651
0.053
0.98
0.973
0.923
0.98
0.98
0.973
0.923
0.98
0.923
0.32
0.32
0.687
0.923
0.651
0.812
0.923
0.687
0.923
0.501
0.812
0.911
0.049
0.665
0.049
0.961
0.948
0.886
0.961
0.961
0.948
0.886
0.961
0.886
0.313
0.313
0.698
0.886
0.665
0.806
0.886
0.698
0.886
0.516
0.806
0.918
0.051
0.64
0.051
0.967
0.954
0.897
0.967
0.967
0.954
0.897
0.967
0.897
0.282
0.282
0.682
0.897
0.64
0.794
0.897
0.682
0.897
0.471
0.794
0.915
0.038
0.65
0.038
0.958
0.948
0.9
0.958
0.958
0.948
0.9
0.958
0.9
0.282
0.282
0.694
0.9
0.65
0.809
0.9
0.694
0.9
0.482
0.809
0.905
0.055
0.663
0.055
0.974
0.959
0.882
0.974
0.974
0.959
0.882
0.974
0.882
0.311
0.311
0.704
0.882
0.663
0.807
0.882
0.704
0.882
0.51
0.807
0.915
0.049
0.687
0.049
0.973
0.961
0.896
0.973
0.973
0.961
0.896
0.973
0.896
0.322
0.322
0.713
0.896
0.687
0.811
0.896
0.713
0.896
0.511
0.811
0.921
0.052
0.674
0.052
0.964
0.952
0.904
0.964
0.964
0.952
0.904
0.964
0.904
0.308
0.308
0.715
0.904
0.674
0.818
0.904
0.715
0.904
0.512
0.818
0.92
0.05
0.673
0.05
0.971
0.957
0.902
0.971
0.971
0.957
0.902
0.971
0.902
0.311
0.311
0.708
0.902
0.673
0.811
0.902
0.708
0.902
0.527
0.811
0.919
0.069
0.673
0.069
0.969
0.955
0.898
0.969
0.969
0.955
0.898
0.969
0.898
0.32
0.32
0.716
0.898
0.673
0.818
0.898
0.716
0.898
0.524
0.818
0.918
0.059
0.66
0.059
0.973
0.961
0.9
0.973
0.973
0.961
0.9
0.973
0.9
0.312
0.312
0.699
0.9
0.66
0.804
0.9
0.699
0.9
0.53
0.804
0.923
0.07
0.666
0.07
0.972
0.96
0.902
0.972
0.972
0.96
0.902
0.972
0.902
0.316
0.316
0.707
0.902
0.666
0.8
0.902
0.707
0.902
0.529
0.8
0.895
0.049
0.663
0.049
0.96
0.942
0.873
0.96
0.96
0.942
0.873
0.96
0.873
0.315
0.315
0.7
0.873
0.663
0.79
0.873
0.7
0.873
0.489
0.79
0.904
0.05
0.672
0.05
0.958
0.94
0.88
0.958
0.958
0.94
0.88
0.958
0.88
0.314
0.314
0.706
0.88
0.672
0.796
0.88
0.706
0.88
0.521
0.796
0.915
0.055
0.668
0.055
0.966
0.957
0.894
0.966
0.966
0.957
0.894
0.966
0.894
0.303
0.303
0.709
0.894
0.668
0.803
0.894
0.709
0.894
0.514
0.803
0.911
0.056
0.674
0.056
0.968
0.95
0.889
0.968
0.968
0.95
0.889
0.968
0.889
0.285
0.285
0.716
0.889
0.674
0.815
0.889
0.716
0.889
0.531
0.815
0.9
0.056
0.658
0.056
0.967
0.949
0.88
0.967
0.967
0.949
0.88
0.967
0.88
0.297
0.297
0.695
0.88
0.658
0.792
0.88
0.695
0.88
0.508
0.792
0.922
0.046
0.66
0.046
0.976
0.956
0.901
0.976
0.976
0.956
0.901
0.976
0.901
0.305
0.305
0.704
0.901
0.66
0.817
0.901
0.704
0.901
0.492
0.817
0.925
0.05
0.69
0.05
0.968
0.957
0.905
0.968
0.968
0.957
0.905
0.968
0.905
0.326
0.326
0.732
0.905
0.69
0.824
0.905
0.732
0.905
0.548
0.824
0.915
0.045
0.654
0.045
0.961
0.953
0.899
0.961
0.961
0.953
0.899
0.961
0.899
0.311
0.311
0.694
0.899
0.654
0.8
0.899
0.694
0.899
0.518
0.8
0.915
0.049
0.641
0.049
0.963
0.956
0.905
0.963
0.963
0.956
0.905
0.963
0.905
0.284
0.284
0.69
0.905
0.641
0.799
0.905
0.69
0.905
0.493
0.799
0.914
0.052
0.658
0.052
0.957
0.95
0.898
0.957
0.957
0.95
0.898
0.957
0.898
0.292
0.292
0.696
0.898
0.658
0.802
0.898
0.696
0.898
0.507
0.802
0.911
0.057
0.674
0.057
0.97
0.955
0.892
0.97
0.97
0.955
0.892
0.97
0.892
0.303
0.303
0.708
0.892
0.674
0.808
0.892
0.708
0.892
0.501
0.808
0.918
0.044
0.659
0.044
0.969
0.961
0.898
0.969
0.969
0.961
0.898
0.969
0.898
0.306
0.306
0.698
0.898
0.659
0.806
0.898
0.698
0.898
0.506
0.806
0.92
0.058
0.674
0.058
0.976
0.961
0.896
0.976
0.976
0.961
0.896
0.976
0.896
0.321
0.321
0.716
0.896
0.674
0.818
0.896
0.716
0.896
0.534
0.818
0.907
0.054
0.655
0.054
0.975
0.957
0.897
0.975
0.975
0.957
0.897
0.975
0.897
0.329
0.329
0.693
0.897
0.655
0.803
0.897
0.693
0.897
0.517
0.803
0.918
0.058
0.666
0.058
0.968
0.956
0.899
0.968
0.968
0.956
0.899
0.968
0.899
0.316
0.316
0.702
0.899
0.666
0.801
0.899
0.702
0.899
0.527
0.801
0.91
0.061
0.689
0.061
0.964
0.947
0.884
0.964
0.964
0.947
0.884
0.964
0.884
0.314
0.314
0.72
0.884
0.689
0.815
0.884
0.72
0.884
0.533
0.815
0.918
0.053
0.664
0.053
0.969
0.96
0.899
0.969
0.969
0.96
0.899
0.969
0.899
0.305
0.305
0.699
0.899
0.664
0.807
0.899
0.699
0.899
0.538
0.807
0.903
0.058
0.666
0.058
0.959
0.946
0.888
0.959
0.959
0.946
0.888
0.959
0.888
0.326
0.326
0.697
0.888
0.666
0.81
0.888
0.697
0.888
0.52
0.81
0.917
0.065
0.671
0.065
0.971
0.956
0.891
0.971
0.971
0.956
0.891
0.971
0.891
0.322
0.322
0.705
0.891
0.671
0.803
0.891
0.705
0.891
0.531
0.803
0.895
0.048
0.637
0.048
0.964
0.946
0.862
0.964
0.964
0.946
0.862
0.964
0.862
0.309
0.309
0.679
0.862
0.637
0.786
0.862
0.679
0.862
0.507
0.786
0.915
0.069
0.636
0.069
0.968
0.952
0.886
0.968
0.968
0.952
0.886
0.968
0.886
0.298
0.298
0.68
0.886
0.636
0.788
0.886
0.68
0.886
0.505
0.788
0.928
0.049
0.677
0.049
0.971
0.959
0.897
0.971
0.971
0.959
0.897
0.971
0.897
0.323
0.323
0.711
0.897
0.677
0.806
0.897
0.711
0.897
0.531
0.806
0.919
0.055
0.659
0.055
0.965
0.952
0.893
0.965
0.965
0.952
0.893
0.965
0.893
0.322
0.322
0.693
0.893
0.659
0.792
0.893
0.693
0.893
0.513
0.792
0.916
0.055
0.667
0.055
0.969
0.956
0.891
0.969
0.969
0.956
0.891
0.969
0.891
0.308
0.308
0.704
0.891
0.667
0.806
0.891
0.704
0.891
0.531
0.806
0.907
0.052
0.659
0.052
0.958
0.95
0.885
0.958
0.958
0.95
0.885
0.958
0.885
0.313
0.313
0.692
0.885
0.659
0.793
0.885
0.692
0.885
0.518
0.793
0.914
0.042
0.646
0.042
0.963
0.947
0.885
0.963
0.963
0.947
0.885
0.963
0.885
0.301
0.301
0.686
0.885
0.646
0.794
0.885
0.686
0.885
0.488
0.794
0.924
0.066
0.684
0.066
0.973
0.958
0.908
0.973
0.973
0.958
0.908
0.973
0.908
0.317
0.317
0.721
0.908
0.684
0.824
0.908
0.721
0.908
0.518
0.824
0.925
0.06
0.674
0.06
0.963
0.951
0.901
0.963
0.963
0.951
0.901
0.963
0.901
0.313
0.313
0.721
0.901
0.674
0.822
0.901
0.721
0.901
0.53
0.822
0.919
0.049
0.658
0.049
0.97
0.957
0.897
0.97
0.97
0.957
0.897
0.97
0.897
0.315
0.315
0.695
0.897
0.658
0.806
0.897
0.695
0.897
0.521
0.806
0.918
0.059
0.656
0.059
0.973
0.96
0.902
0.973
0.973
0.96
0.902
0.973
0.902
0.328
0.328
0.7
0.902
0.656
0.812
0.902
0.7
0.902
0.534
0.812
0.911
0.05
0.664
0.05
0.969
0.953
0.894
0.969
0.969
0.953
0.894
0.969
0.894
0.306
0.306
0.71
0.894
0.664
0.81
0.894
0.71
0.894
0.513
0.81
0.904
0.055
0.657
0.055
0.959
0.94
0.891
0.959
0.959
0.94
0.891
0.959
0.891
0.316
0.316
0.695
0.891
0.657
0.798
0.891
0.695
0.891
0.509
0.798
0.908
0.05
0.646
0.05
0.966
0.953
0.89
0.966
0.966
0.953
0.89
0.966
0.89
0.3
0.3
0.68
0.89
0.646
0.791
0.89
0.68
0.89
0.504
0.791
0.898
0.044
0.635
0.044
0.959
0.944
0.87
0.959
0.959
0.944
0.87
0.959
0.87
0.303
0.303
0.683
0.87
0.635
0.78
0.87
0.683
0.87
0.509
0.78
0.908
0.049
0.65
0.049
0.972
0.954
0.877
0.972
0.972
0.954
0.877
0.972
0.877
0.285
0.285
0.687
0.877
0.65
0.791
0.877
0.687
0.877
0.493
0.791
0.932
0.061
0.697
0.061
0.981
0.968
0.906
0.981
0.981
0.968
0.906
0.981
0.906
0.273
0.273
0.735
0.906
0.697
0.827
0.906
0.735
0.906
0.513
0.827
0.92
0.049
0.664
0.049
0.971
0.958
0.902
0.971
0.971
0.958
0.902
0.971
0.902
0.298
0.298
0.708
0.902
0.664
0.806
0.902
0.708
0.902
0.489
0.806
0.91
0.042
0.667
0.042
0.966
0.95
0.893
0.966
0.966
0.95
0.893
0.966
0.893
0.299
0.299
0.709
0.893
0.667
0.802
0.893
0.709
0.893
0.53
0.802
0.926
0.058
0.669
0.058
0.974
0.968
0.911
0.974
0.974
0.968
0.911
0.974
0.911
0.32
0.32
0.703
0.911
0.669
0.82
0.911
0.703
0.911
0.527
0.82
0.905
0.051
0.678
0.051
0.972
0.956
0.887
0.972
0.972
0.956
0.887
0.972
0.887
0.322
0.322
0.714
0.887
0.678
0.812
0.887
0.714
0.887
0.525
0.812
0.912
0.054
0.676
0.054
0.962
0.953
0.889
0.962
0.962
0.953
0.889
0.962
0.889
0.321
0.321
0.711
0.889
0.676
0.813
0.889
0.711
0.889
0.527
0.813
