0.001
0.007
0.004
0.16
0.001
0.095
0.482
0.003
0.106
0.001
0.001
0.001
0.001
0.001
0.005
0.001
0.001
0.041
0.001
0.019
0.1
0.014
0.003
0.044
0.001
0.001
0.186
0.003
0.051
0.135
0.186
0.003
0.12
0.007
0.1
0.003
0.001
0.014
0.004
0.001
0.006
0.046
0.019
0.599
0.003
0.003
0.001
0.007
0.003
0.013
0.005
0.045
0.067
0.78
0.85
0.438
0.367
0.843
0.79
0.579
0.78
0.842
0.843
0.808
0.023
0.771
0.917
0.343
0.054
0.611
0.343
0.568
0.68
0.3
0.637
0.771
0.279
0.47
0.243
0.998
0.601
0.823
0.532
0.92
0.979
0.874
0.771
0.343
0.49
0.877
0.354
0.85
0.972
0.451
0.482
0.399
0.984
0.995
0.327
0.687
0.313
0.988
0.358
0.952
0.897
0.06
0.001
0.014
0.008
0.192
0.001
0.122
0.475
0.003
0.138
0.001
0.001
0.001
0.001
0.001
0.009
0.001
0.001
0.046
0.001
0.025
0.133
0.022
0.003
0.051
0.001
0.001
0.228
0.007
0.06
0.161
0.228
0.007
0.15
0.014
0.133
0.002
0.001
0.022
0.008
0.001
0.009
0.056
0.026
0.596
0.006
0.002
0.001
0.012
0.002
0.017
0.009
0.052
0.085
0.779
0.873
0.436
0.377
0.861
0.786
0.586
0.78
0.859
0.861
0.815
0.029
0.766
0.942
0.359
0.062
0.607
0.359
0.57
0.673
0.322
0.63
0.766
0.306
0.456
0.273
1
0.597
0.847
0.524
0.942
0.986
0.895
0.766
0.359
0.484
0.898
0.37
0.873
0.981
0.447
0.475
0.412
0.99
0.994
0.346
0.692
0.336
0.993
0.372
0.961
0.925
0.077
0.001
0.006
0.002
0.162
0.001
0.094
0.498
0.001
0.114
0.001
0.001
0.001
0.001
0.001
0.003
0.001
0.001
0.032
0.001
0.01
0.103
0.01
0.001
0.034
0.001
0.001
0.21
0.001
0.039
0.146
0.21
0.001
0.135
0.006
0.103
0.001
0.001
0.009
0.002
0.001
0.004
0.035
0.01
0.616
0.001
0.001
0.001
0.004
0.001
0.008
0.004
0.035
0.064
0.784
0.859
0.458
0.39
0.853
0.789
0.605
0.784
0.853
0.853
0.811
0.014
0.769
0.931
0.371
0.04
0.636
0.371
0.596
0.699
0.335
0.662
0.769
0.322
0.485
0.283
0.998
0.62
0.835
0.556
0.931
0.989
0.877
0.769
0.371
0.501
0.882
0.382
0.859
0.985
0.463
0.497
0.422
0.991
0.996
0.361
0.707
0.346
0.991
0.383
0.959
0.91
0.054
0.001
0.008
0.007
0.173
0.001
0.1
0.503
0.004
0.113
0.001
0.001
0.001
0.001
0.001
0.008
0.001
0.001
0.034
0.001
0.018
0.104
0.017
0.002
0.036
0.001
0.001
0.205
0.006
0.042
0.148
0.205
0.006
0.131
0.008
0.104
0.001
0.001
0.017
0.007
0.001
0.008
0.038
0.019
0.609
0.005
0.001
0.001
0.008
0.001
0.014
0.008
0.036
0.066
0.772
0.845
0.462
0.391
0.835
0.778
0.602
0.772
0.831
0.835
0.797
0.021
0.766
0.926
0.377
0.046
0.622
0.377
0.592
0.681
0.336
0.642
0.766
0.314
0.485
0.274
1
0.613
0.823
0.558
0.928
0.983
0.871
0.766
0.377
0.509
0.879
0.384
0.845
0.978
0.471
0.503
0.424
0.988
0.998
0.361
0.698
0.348
0.992
0.384
0.96
0.905
0.055
0.001
0.008
0.006
0.168
0.001
0.093
0.47
0.004
0.114
0.001
0.001
0.001
0.001
0.001
0.006
0.001
0.001
0.037
0.001
0.014
0.106
0.013
0.004
0.041
0.001
0.001
0.202
0.005
0.05
0.145
0.202
0.005
0.129
0.008
0.106
0.002
0.001
0.011
0.006
0.001
0.007
0.046
0.014
0.597
0.004
0.002
0.001
0.008
0.002
0.011
0.007
0.042
0.071
0.76
0.848
0.428
0.375
0.841
0.774
0.579
0.76
0.84
0.841
0.793
0.02
0.746
0.915
0.353
0.054
0.604
0.353
0.562
0.678
0.31
0.635
0.746
0.294
0.45
0.259
0.998
0.599
0.826
0.517
0.915
0.978
0.87
0.746
0.353
0.476
0.878
0.366
0.848
0.969
0.438
0.469
0.402
0.983
0.997
0.339
0.688
0.326
0.99
0.367
0.949
0.898
0.06
0.001
0.009
0.006
0.181
0.001
0.097
0.488
0.005
0.119
0.001
0.001
0.001
0.001
0.001
0.007
0.001
0.001
0.033
0.001
0.02
0.105
0.018
0.004
0.037
0.001
0.001
0.214
0.006
0.044
0.161
0.214
0.006
0.137
0.009
0.105
0.004
0.001
0.016
0.006
0.001
0.007
0.041
0.02
0.593
0.006
0.004
0.001
0.007
0.004
0.013
0.007
0.038
0.063
0.778
0.852
0.45
0.379
0.842
0.789
0.582
0.778
0.84
0.842
0.807
0.023
0.763
0.92
0.358
0.046
0.606
0.358
0.569
0.692
0.325
0.65
0.763
0.307
0.477
0.27
0.999
0.594
0.826
0.534
0.922
0.973
0.877
0.763
0.358
0.496
0.884
0.372
0.852
0.967
0.459
0.488
0.409
0.979
0.992
0.351
0.699
0.338
0.983
0.375
0.947
0.906
0.054
0.001
0.013
0.009
0.173
0.001
0.107
0.493
0.003
0.118
0.001
0.001
0.001
0.001
0.001
0.01
0.001
0.001
0.047
0.001
0.022
0.112
0.021
0.002
0.049
0.001
0.001
0.214
0.008
0.052
0.145
0.214
0.005
0.129
0.013
0.112
0.002
0.001
0.02
0.009
0.001
0.012
0.05
0.022
0.601
0.003
0.002
0.001
0.013
0.002
0.016
0.012
0.049
0.078
0.775
0.854
0.444
0.378
0.847
0.78
0.591
0.776
0.844
0.847
0.799
0.026
0.764
0.922
0.354
0.054
0.61
0.354
0.578
0.678
0.32
0.645
0.764
0.308
0.47
0.268
1
0.602
0.833
0.536
0.922
0.979
0.879
0.764
0.354
0.497
0.883
0.367
0.854
0.966
0.457
0.493
0.411
0.983
0.995
0.339
0.687
0.33
0.991
0.369
0.948
0.902
0.062
0.001
0.009
0.006
0.184
0.001
0.106
0.505
0.002
0.123
0.001
0.001
0.001
0.001
0.001
0.006
0.001
0.001
0.032
0.001
0.024
0.112
0.022
0.002
0.038
0.001
0.001
0.213
0.006
0.047
0.157
0.213
0.005
0.146
0.009
0.112
0.002
0.001
0.018
0.006
0.001
0.006
0.041
0.024
0.616
0.002
0.002
0.001
0.007
0.002
0.017
0.006
0.039
0.07
0.777
0.863
0.458
0.402
0.856
0.782
0.602
0.777
0.851
0.856
0.802
0.025
0.77
0.922
0.373
0.05
0.624
0.373
0.584
0.677
0.331
0.642
0.77
0.317
0.489
0.277
0.998
0.617
0.838
0.551
0.926
0.98
0.888
0.77
0.373
0.515
0.893
0.387
0.863
0.973
0.466
0.505
0.436
0.986
0.996
0.356
0.697
0.34
0.992
0.391
0.955
0.906
0.062
0.001
0.016
0.011
0.194
0.001
0.123
0.488
0.002
0.143
0.001
0.001
0.001
0.001
0.001
0.011
0.001
0.001
0.042
0.001
0.027
0.129
0.024
0.002
0.047
0.001
0.001
0.223
0.009
0.059
0.179
0.223
0.008
0.156
0.016
0.129
0.001
0.001
0.021
0.011
0.001
0.013
0.052
0.027
0.603
0.007
0.002
0.001
0.014
0.001
0.02
0.013
0.049
0.087
0.773
0.864
0.443
0.374
0.855
0.784
0.594
0.773
0.853
0.855
0.811
0.03
0.758
0.925
0.354
0.061
0.62
0.354
0.577
0.679
0.32
0.651
0.758
0.304
0.47
0.273
0.999
0.608
0.843
0.544
0.93
0.982
0.889
0.758
0.354
0.495
0.892
0.363
0.864
0.979
0.454
0.488
0.41
0.988
0.999
0.343
0.691
0.331
0.994
0.365
0.957
0.908
0.073
0.001
0.01
0.008
0.155
0.001
0.102
0.502
0.003
0.111
0.001
0.001
0.001
0.001
0.001
0.008
0.001
0.001
0.032
0.001
0.016
0.106
0.013
0.003
0.035
0.001
0.001
0.205
0.007
0.039
0.134
0.205
0.006
0.118
0.01
0.106
0.001
0.001
0.012
0.008
0.001
0.008
0.039
0.016
0.626
0.004
0.002
0.001
0.01
0.002
0.012
0.008
0.036
0.065
0.797
0.871
0.464
0.393
0.864
0.806
0.614
0.797
0.863
0.864
0.822
0.016
0.789
0.94
0.373
0.043
0.637
0.373
0.597
0.701
0.333
0.672
0.789
0.315
0.487
0.263
1
0.629
0.85
0.563
0.941
0.985
0.893
0.789
0.373
0.51
0.898
0.381
0.871
0.977
0.471
0.502
0.425
0.99
0.996
0.36
0.717
0.345
0.993
0.382
0.961
0.923
0.051
0.001
0.008
0.005
0.17
0.001
0.109
0.477
0.002
0.125
0.001
0.001
0.001
0.001
0.001
0.005
0.001
0.001
0.054
0.001
0.023
0.117
0.02
0.001
0.056
0.001
0.001
0.213
0.003
0.063
0.141
0.213
0.003
0.136
0.008
0.117
0.001
0.001
0.019
0.005
0.001
0.006
0.057
0.023
0.584
0.002
0.001
0.001
0.007
0.001
0.013
0.006
0.056
0.089
0.77
0.856
0.433
0.367
0.837
0.778
0.569
0.77
0.835
0.837
0.795
0.027
0.754
0.929
0.35
0.068
0.598
0.35
0.559
0.665
0.319
0.629
0.754
0.305
0.465
0.267
0.999
0.587
0.826
0.513
0.93
0.984
0.883
0.754
0.35
0.484
0.889
0.36
0.856
0.977
0.447
0.477
0.399
0.989
0.997
0.336
0.671
0.326
0.991
0.361
0.96
0.909
0.075
0.001
0.01
0.004
0.157
0.001
0.088
0.486
0.001
0.105
0.001
0.001
0.001
0.001
0.001
0.005
0.001
0.001
0.04
0.001
0.021
0.094
0.021
0.001
0.043
0.001
0.001
0.192
0.002
0.052
0.13
0.192
0.002
0.121
0.012
0.094
0.001
0.001
0.019
0.004
0.001
0.006
0.046
0.021
0.587
0.002
0.001
0.001
0.009
0.001
0.016
0.006
0.043
0.071
0.749
0.858
0.45
0.38
0.846
0.765
0.578
0.75
0.841
0.846
0.789
0.026
0.733
0.936
0.351
0.056
0.602
0.351
0.564
0.662
0.31
0.625
0.734
0.291
0.474
0.254
1
0.59
0.822
0.532
0.937
0.986
0.886
0.733
0.351
0.49
0.898
0.363
0.858
0.978
0.46
0.486
0.414
0.988
0.995
0.336
0.673
0.323
0.991
0.369
0.958
0.916
0.062
0.001
0.008
0.006
0.192
0.001
0.105
0.509
0.002
0.125
0.001
0.001
0.001
0.001
0.001
0.006
0.001
0.001
0.034
0.001
0.013
0.118
0.013
0.002
0.038
0.001
0.001
0.24
0.005
0.047
0.168
0.24
0.004
0.147
0.008
0.118
0.001
0.001
0.012
0.006
0.001
0.006
0.043
0.013
0.619
0.003
0.001
0.001
0.007
0.001
0.011
0.006
0.038
0.076
0.789
0.864
0.465
0.402
0.854
0.796
0.615
0.789
0.853
0.854
0.815
0.018
0.775
0.937
0.378
0.055
0.631
0.378
0.608
0.676
0.338
0.648
0.775
0.322
0.497
0.285
0.999
0.62
0.842
0.563
0.937
0.99
0.892
0.775
0.378
0.515
0.898
0.391
0.864
0.983
0.477
0.509
0.434
0.995
0.997
0.357
0.692
0.344
0.996
0.395
0.969
0.924
0.062
0.001
0.011
0.009
0.163
0.001
0.096
0.476
0.004
0.116
0.001
0.001
0.001
0.001
0.001
0.009
0.001
0.001
0.045
0.001
0.026
0.106
0.022
0.004
0.047
0.001
0.001
0.196
0.008
0.059
0.142
0.196
0.008
0.135
0.011
0.106
0.001
0.001
0.019
0.009
0.001
0.01
0.051
0.026
0.614
0.005
0.001
0.001
0.011
0.001
0.018
0.01
0.047
0.079
0.789
0.874
0.432
0.368
0.861
0.797
0.606
0.789
0.859
0.861
0.812
0.033
0.778
0.937
0.347
0.061
0.622
0.347
0.581
0.682
0.311
0.652
0.778
0.298
0.455
0.251
1
0.616
0.847
0.541
0.94
0.99
0.896
0.778
0.347
0.481
0.901
0.359
0.874
0.98
0.438
0.476
0.404
0.992
0.998
0.334
0.699
0.325
0.995
0.361
0.963
0.919
0.07
0.001
0.005
0.002
0.188
0.001
0.107
0.503
0.001
0.119
0.001
0.001
0.001
0.001
0.001
0.003
0.001
0.001
0.032
0.001
0.017
0.113
0.016
0.001
0.034
0.001
0.001
0.219
0.002
0.045
0.159
0.219
0.002
0.142
0.006
0.113
0.001
0.001
0.015
0.002
0.001
0.003
0.038
0.017
0.605
0.002
0.001
0.001
0.005
0.001
0.013
0.003
0.035
0.077
0.77
0.863
0.456
0.384
0.856
0.781
0.594
0.772
0.854
0.856
0.8
0.022
0.756
0.936
0.355
0.049
0.617
0.355
0.584
0.68
0.322
0.638
0.756
0.301
0.483
0.269
0.999
0.606
0.836
0.553
0.937
0.982
0.892
0.756
0.355
0.508
0.896
0.368
0.863
0.975
0.467
0.503
0.418
0.985
0.999
0.345
0.696
0.337
0.989
0.37
0.959
0.92
0.061
0.001
0.01
0.006
0.179
0.001
0.102
0.496
0.001
0.12
0.001
0.001
0.001
0.001
0.001
0.006
0.001
0.001
0.038
0.001
0.018
0.112
0.015
0.001
0.042
0.001
0.001
0.216
0.005
0.053
0.158
0.216
0.004
0.139
0.011
0.112
0.001
0.001
0.015
0.006
0.001
0.008
0.048
0.018
0.613
0.001
0.001
0.001
0.01
0.001
0.014
0.008
0.043
0.074
0.775
0.857
0.464
0.393
0.846
0.788
0.595
0.775
0.845
0.846
0.807
0.024
0.765
0.919
0.369
0.058
0.625
0.369
0.582
0.683
0.327
0.651
0.765
0.309
0.486
0.275
0.999
0.615
0.835
0.537
0.919
0.978
0.882
0.765
0.369
0.503
0.888
0.382
0.857
0.971
0.476
0.496
0.432
0.986
0.996
0.35
0.694
0.337
0.989
0.386
0.953
0.902
0.061
0.001
0.005
0.004
0.159
0.001
0.088
0.46
0.002
0.108
0.001
0.001
0.001
0.001
0.001
0.004
0.001
0.001
0.027
0.001
0.014
0.098
0.012
0.001
0.029
0.001
0.001
0.201
0.004
0.032
0.13
0.201
0.002
0.118
0.005
0.098
0.001
0.001
0.012
0.004
0.001
0.005
0.03
0.014
0.57
0.002
0.001
0.001
0.005
0.001
0.008
0.005
0.03
0.067
0.748
0.827
0.421
0.365
0.819
0.763
0.561
0.748
0.815
0.819
0.773
0.018
0.734
0.912
0.345
0.036
0.587
0.345
0.547
0.651
0.302
0.613
0.734
0.283
0.447
0.246
0.999
0.57
0.801
0.506
0.913
0.983
0.867
0.734
0.345
0.465
0.872
0.359
0.827
0.971
0.432
0.46
0.385
0.99
0.997
0.325
0.664
0.316
0.993
0.359
0.944
0.892
0.049
0.001
0.013
0.009
0.168
0.001
0.101
0.505
0.002
0.11
0.001
0.001
0.001
0.001
0.001
0.01
0.001
0.001
0.04
0.001
0.027
0.109
0.027
0.002
0.042
0.001
0.001
0.201
0.006
0.052
0.141
0.201
0.004
0.132
0.014
0.109
0.001
0.001
0.027
0.009
0.001
0.011
0.045
0.027
0.622
0.003
0.002
0.001
0.013
0.001
0.023
0.011
0.042
0.076
0.786
0.873
0.468
0.391
0.869
0.8
0.607
0.786
0.867
0.869
0.825
0.03
0.773
0.946
0.365
0.054
0.632
0.365
0.59
0.694
0.322
0.66
0.773
0.305
0.495
0.263
1
0.624
0.853
0.553
0.946
0.99
0.896
0.773
0.365
0.513
0.904
0.375
0.873
0.986
0.478
0.505
0.431
0.994
0.999
0.348
0.701
0.334
0.995
0.382
0.966
0.925
0.065
0.001
0.013
0.011
0.176
0.001
0.11
0.489
0.005
0.12
0.001
0.001
0.001
0.001
0.001
0.012
0.001
0.001
0.047
0.001
0.027
0.116
0.025
0.004
0.049
0.001
0.001
0.212
0.01
0.061
0.155
0.212
0.007
0.138
0.013
0.116
0.002
0.001
0.023
0.011
0.001
0.013
0.052
0.027
0.61
0.007
0.003
0.001
0.013
0.003
0.021
0.013
0.049
0.088
0.785
0.857
0.457
0.392
0.852
0.798
0.602
0.786
0.849
0.852
0.821
0.028
0.771
0.928
0.366
0.064
0.627
0.366
0.59
0.691
0.324
0.659
0.771
0.305
0.478
0.268
0.998
0.611
0.841
0.539
0.928
0.98
0.878
0.771
0.366
0.494
0.887
0.374
0.857
0.977
0.47
0.489
0.424
0.987
0.998
0.352
0.698
0.34
0.991
0.38
0.955
0.907
0.079
0.001
0.006
0.004
0.171
0.001
0.108
0.5
0.004
0.121
0.001
0.001
0.001
0.001
0.001
0.004
0.001
0.001
0.034
0.001
0.018
0.114
0.017
0.004
0.041
0.001
0.001
0.207
0.004
0.053
0.145
0.207
0.004
0.133
0.006
0.114
0.001
0.001
0.014
0.004
0.001
0.004
0.048
0.018
0.606
0.004
0.004
0.001
0.005
0.003
0.011
0.004
0.042
0.079
0.791
0.873
0.456
0.384
0.862
0.798
0.6
0.791
0.858
0.862
0.823
0.022
0.781
0.929
0.363
0.058
0.625
0.363
0.592
0.702
0.321
0.657
0.781
0.304
0.488
0.266
1
0.61
0.843
0.547
0.93
0.98
0.895
0.781
0.363
0.504
0.898
0.376
0.873
0.972
0.471
0.5
0.417
0.985
0.997
0.346
0.717
0.336
0.99
0.377
0.955
0.914
0.067
0.001
0.012
0.008
0.191
0.001
0.118
0.497
0.001
0.126
0.001
0.001
0.001
0.001
0.001
0.008
0.001
0.001
0.049
0.001
0.023
0.121
0.019
0.001
0.054
0.001
0.001
0.219
0.006
0.062
0.154
0.219
0.005
0.145
0.013
0.121
0.001
0.001
0.017
0.008
0.001
0.01
0.057
0.024
0.606
0.003
0.001
0.001
0.01
0.001
0.017
0.009
0.055
0.091
0.767
0.849
0.465
0.395
0.841
0.777
0.595
0.767
0.836
0.841
0.8
0.028
0.757
0.929
0.375
0.066
0.62
0.375
0.584
0.674
0.344
0.64
0.757
0.326
0.485
0.279
1
0.611
0.829
0.541
0.932
0.984
0.87
0.757
0.375
0.503
0.876
0.385
0.849
0.974
0.477
0.497
0.427
0.986
0.999
0.365
0.683
0.356
0.99
0.387
0.958
0.904
0.074
0.001
0.01
0.006
0.164
0.001
0.098
0.477
0.001
0.111
0.001
0.001
0.001
0.001
0.001
0.006
0.001
0.001
0.039
0.001
0.019
0.107
0.017
0.001
0.043
0.001
0.001
0.212
0.005
0.048
0.142
0.212
0.004
0.122
0.01
0.107
0.001
0.001
0.016
0.006
0.001
0.007
0.046
0.019
0.589
0.002
0.001
0.001
0.009
0.001
0.013
0.007
0.043
0.066
0.759
0.844
0.435
0.379
0.837
0.769
0.576
0.759
0.835
0.837
0.785
0.026
0.748
0.93
0.361
0.052
0.602
0.361
0.564
0.663
0.325
0.632
0.748
0.305
0.464
0.268
1
0.591
0.817
0.523
0.93
0.981
0.879
0.748
0.361
0.484
0.888
0.37
0.844
0.974
0.447
0.477
0.407
0.988
0.996
0.343
0.673
0.335
0.99
0.37
0.955
0.91
0.056
0.001
0.017
0.009
0.167
0.001
0.099
0.488
0.002
0.11
0.001
0.001
0.001
0.001
0.001
0.013
0.001
0.001
0.041
0.001
0.02
0.105
0.019
0.001
0.044
0.001
0.001
0.203
0.009
0.055
0.141
0.203
0.007
0.133
0.017
0.105
0.001
0.001
0.019
0.009
0.001
0.014
0.048
0.02
0.605
0.005
0.001
0.001
0.015
0.001
0.017
0.014
0.044
0.074
0.764
0.832
0.45
0.392
0.824
0.773
0.596
0.764
0.822
0.824
0.783
0.024
0.755
0.915
0.366
0.056
0.621
0.366
0.581
0.683
0.33
0.649
0.755
0.308
0.47
0.269
0.998
0.608
0.805
0.552
0.917
0.98
0.859
0.755
0.366
0.497
0.866
0.381
0.832
0.972
0.459
0.488
0.425
0.984
0.996
0.351
0.696
0.343
0.986
0.382
0.952
0.896
0.062
0.001
0.008
0.006
0.193
0.001
0.127
0.501
0.002
0.139
0.001
0.001
0.001
0.001
0.001
0.006
0.001
0.001
0.039
0.001
0.02
0.131
0.015
0.002
0.045
0.001
0.001
0.232
0.006
0.06
0.166
0.232
0.005
0.154
0.008
0.131
0.001
0.001
0.014
0.006
0.001
0.006
0.05
0.02
0.615
0.003
0.002
0.001
0.007
0.001
0.012
0.006
0.048
0.101
0.778
0.863
0.463
0.404
0.857
0.789
0.608
0.78
0.853
0.857
0.811
0.02
0.768
0.928
0.38
0.066
0.634
0.38
0.593
0.697
0.348
0.661
0.769
0.336
0.49
0.29
0.998
0.622
0.837
0.552
0.929
0.982
0.881
0.768
0.38
0.508
0.891
0.394
0.863
0.974
0.476
0.501
0.435
0.99
0.997
0.373
0.709
0.357
0.993
0.396
0.957
0.911
0.085
0.001
0.01
0.008
0.167
0.001
0.105
0.48
0.002
0.116
0.001
0.001
0.001
0.001
0.001
0.008
0.001
0.001
0.046
0.001
0.026
0.114
0.024
0.001
0.05
0.001
0.001
0.202
0.007
0.059
0.146
0.202
0.005
0.134
0.01
0.114
0.001
0.001
0.022
0.008
0.001
0.008
0.052
0.026
0.601
0.003
0.001
0.001
0.009
0.001
0.015
0.008
0.05
0.088
0.77
0.852
0.444
0.367
0.841
0.786
0.588
0.771
0.838
0.841
0.808
0.03
0.757
0.933
0.334
0.063
0.614
0.334
0.577
0.675
0.303
0.638
0.757
0.289
0.47
0.251
0.998
0.603
0.824
0.539
0.933
0.978
0.892
0.757
0.334
0.492
0.895
0.346
0.852
0.97
0.454
0.48
0.397
0.987
0.997
0.322
0.685
0.312
0.99
0.348
0.96
0.914
0.074
0.001
0.007
0.004
0.167
0.001
0.1
0.489
0.003
0.11
0.001
0.001
0.001
0.001
0.001
0.004
0.001
0.001
0.043
0.001
0.019
0.102
0.017
0.003
0.046
0.001
0.001
0.199
0.004
0.057
0.141
0.199
0.003
0.127
0.007
0.102
0.001
0.001
0.014
0.004
0.001
0.005
0.05
0.019
0.603
0.003
0.001
0.001
0.005
0.001
0.013
0.004
0.048
0.08
0.77
0.869
0.453
0.38
0.862
0.782
0.592
0.771
0.859
0.862
0.81
0.027
0.758
0.932
0.351
0.061
0.612
0.351
0.58
0.674
0.305
0.639
0.758
0.286
0.474
0.254
0.999
0.605
0.842
0.537
0.935
0.99
0.887
0.758
0.351
0.499
0.895
0.363
0.869
0.979
0.462
0.489
0.413
0.993
0.998
0.34
0.69
0.328
0.995
0.366
0.961
0.918
0.066
0.001
0.013
0.008
0.164
0.001
0.097
0.482
0.005
0.107
0.001
0.001
0.001
0.001
0.001
0.008
0.001
0.001
0.04
0.001
0.025
0.103
0.023
0.004
0.043
0.001
0.001
0.201
0.008
0.05
0.139
0.201
0.006
0.123
0.013
0.103
0.001
0.001
0.021
0.008
0.001
0.011
0.048
0.025
0.602
0.005
0.002
0.001
0.012
0.002
0.016
0.011
0.047
0.074
0.764
0.848
0.446
0.366
0.831
0.774
0.594
0.765
0.829
0.831
0.792
0.029
0.751
0.931
0.338
0.055
0.615
0.338
0.579
0.671
0.302
0.638
0.751
0.292
0.471
0.257
0.999
0.604
0.821
0.548
0.935
0.981
0.877
0.751
0.338
0.489
0.885
0.351
0.848
0.97
0.46
0.482
0.407
0.989
0.997
0.324
0.678
0.313
0.991
0.355
0.958
0.908
0.063
0.001
0.012
0.008
0.166
0.001
0.102
0.483
0.004
0.113
0.001
0.001
0.001
0.001
0.001
0.01
0.001
0.001
0.046
0.001
0.018
0.108
0.017
0.004
0.048
0.001
0.001
0.207
0.007
0.055
0.142
0.207
0.005
0.126
0.012
0.108
0.001
0.001
0.017
0.008
0.001
0.011
0.05
0.018
0.604
0.005
0.001
0.001
0.011
0.001
0.016
0.011
0.049
0.08
0.781
0.862
0.447
0.377
0.852
0.797
0.593
0.782
0.849
0.852
0.811
0.023
0.771
0.933
0.351
0.059
0.619
0.351
0.576
0.686
0.309
0.646
0.771
0.296
0.47
0.26
0.999
0.609
0.835
0.537
0.933
0.986
0.883
0.771
0.351
0.488
0.892
0.361
0.862
0.98
0.458
0.483
0.417
0.991
0.995
0.334
0.705
0.323
0.993
0.366
0.958
0.92
0.067
0.001
0.01
0.005
0.164
0.001
0.087
0.481
0.002
0.099
0.001
0.001
0.001
0.001
0.001
0.005
0.001
0.001
0.034
0.001
0.02
0.093
0.016
0.002
0.036
0.001
0.001
0.196
0.005
0.043
0.133
0.196
0.005
0.117
0.01
0.093
0.001
0.001
0.016
0.005
0.001
0.006
0.039
0.02
0.617
0.002
0.002
0.001
0.007
0.001
0.014
0.006
0.036
0.067
0.778
0.86
0.44
0.383
0.85
0.789
0.6
0.779
0.849
0.85
0.808
0.022
0.762
0.931
0.361
0.044
0.632
0.361
0.582
0.697
0.319
0.665
0.763
0.299
0.462
0.258
1
0.617
0.836
0.551
0.932
0.981
0.884
0.762
0.361
0.493
0.894
0.372
0.86
0.975
0.449
0.48
0.412
0.988
0.997
0.349
0.703
0.334
0.994
0.376
0.956
0.91
0.053
0.001
0.015
0.009
0.175
0.001
0.114
0.489
0.006
0.139
0.001
0.001
0.001
0.001
0.001
0.01
0.001
0.001
0.049
0.001
0.026
0.124
0.025
0.004
0.055
0.001
0.001
0.216
0.009
0.062
0.155
0.216
0.008
0.146
0.015
0.124
0.001
0.001
0.023
0.009
0.001
0.011
0.058
0.026
0.6
0.007
0.002
0.001
0.012
0.002
0.019
0.011
0.056
0.092
0.767
0.836
0.444
0.385
0.827
0.775
0.594
0.767
0.825
0.827
0.792
0.03
0.757
0.92
0.356
0.067
0.615
0.356
0.584
0.688
0.317
0.645
0.757
0.305
0.474
0.271
1
0.601
0.815
0.544
0.924
0.978
0.866
0.757
0.356
0.497
0.879
0.369
0.836
0.975
0.454
0.489
0.417
0.986
0.997
0.348
0.699
0.332
0.989
0.371
0.949
0.899
0.08
0.001
0.008
0.005
0.179
0.001
0.102
0.507
0.001
0.113
0.001
0.001
0.001
0.001
0.001
0.006
0.001
0.001
0.035
0.001
0.018
0.107
0.017
0.001
0.041
0.001
0.001
0.216
0.004
0.049
0.156
0.216
0.004
0.134
0.008
0.107
0.001
0.001
0.015
0.005
0.001
0.006
0.044
0.018
0.622
0.002
0.001
0.001
0.007
0.001
0.011
0.006
0.041
0.076
0.777
0.846
0.459
0.385
0.833
0.788
0.614
0.779
0.832
0.833
0.802
0.022
0.767
0.922
0.362
0.054
0.633
0.362
0.606
0.681
0.33
0.66
0.767
0.312
0.492
0.28
0.999
0.624
0.821
0.557
0.926
0.981
0.88
0.767
0.362
0.516
0.889
0.374
0.846
0.97
0.472
0.506
0.425
0.989
0.996
0.35
0.696
0.343
0.992
0.376
0.951
0.91
0.066
0.001
0.006
0.004
0.157
0.001
0.095
0.475
0.002
0.114
0.001
0.001
0.001
0.001
0.001
0.004
0.001
0.001
0.037
0.001
0.018
0.101
0.015
0.001
0.042
0.001
0.001
0.194
0.004
0.05
0.141
0.194
0.002
0.127
0.007
0.101
0.001
0.001
0.013
0.004
0.001
0.005
0.046
0.019
0.584
0.002
0.001
0.001
0.006
0.001
0.01
0.005
0.042
0.075
0.763
0.851
0.432
0.356
0.84
0.772
0.569
0.764
0.839
0.84
0.798
0.024
0.746
0.927
0.33
0.054
0.601
0.33
0.558
0.668
0.293
0.627
0.747
0.281
0.454
0.252
1
0.59
0.823
0.521
0.929
0.981
0.878
0.746
0.33
0.482
0.882
0.346
0.851
0.976
0.443
0.475
0.393
0.988
0.997
0.317
0.683
0.312
0.991
0.346
0.952
0.9
0.065
0.001
0.012
0.009
0.189
0.001
0.1
0.498
0.004
0.115
0.001
0.001
0.001
0.001
0.001
0.009
0.001
0.001
0.048
0.001
0.023
0.107
0.022
0.004
0.055
0.001
0.001
0.228
0.008
0.063
0.157
0.228
0.004
0.135
0.013
0.107
0.001
0.001
0.019
0.009
0.001
0.011
0.06
0.024
0.622
0.004
0.003
0.001
0.011
0.002
0.015
0.011
0.057
0.08
0.766
0.854
0.454
0.379
0.844
0.773
0.612
0.768
0.842
0.844
0.798
0.029
0.755
0.939
0.358
0.066
0.631
0.358
0.602
0.676
0.328
0.65
0.755
0.311
0.48
0.278
1
0.625
0.829
0.552
0.941
0.986
0.881
0.755
0.358
0.507
0.89
0.367
0.854
0.98
0.467
0.498
0.418
0.993
0.998
0.349
0.684
0.338
0.997
0.37
0.964
0.917
0.07
0.001
0.018
0.009
0.178
0.001
0.107
0.474
0.004
0.115
0.001
0.001
0.001
0.001
0.001
0.011
0.001
0.001
0.041
0.001
0.024
0.113
0.022
0.003
0.047
0.001
0.001
0.208
0.009
0.056
0.15
0.208
0.008
0.129
0.018
0.113
0.001
0.001
0.021
0.009
0.001
0.013
0.05
0.024
0.6
0.005
0.001
0.001
0.015
0.001
0.019
0.013
0.049
0.083
0.766
0.852
0.443
0.385
0.845
0.784
0.582
0.766
0.841
0.845
0.796
0.029
0.754
0.918
0.362
0.059
0.62
0.362
0.569
0.672
0.324
0.643
0.755
0.313
0.463
0.27
1
0.603
0.821
0.529
0.92
0.979
0.879
0.754
0.362
0.482
0.885
0.372
0.852
0.972
0.451
0.474
0.412
0.984
0.991
0.35
0.682
0.336
0.987
0.374
0.955
0.902
0.072
0.001
0.01
0.007
0.183
0.001
0.101
0.505
0.003
0.119
0.001
0.001
0.001
0.001
0.001
0.007
0.001
0.001
0.036
0.001
0.02
0.11
0.019
0.003
0.039
0.001
0.001
0.218
0.007
0.049
0.145
0.218
0.007
0.128
0.01
0.11
0.002
0.001
0.017
0.007
0.001
0.008
0.042
0.02
0.622
0.006
0.002
0.001
0.009
0.002
0.013
0.008
0.04
0.071
0.792
0.866
0.47
0.4
0.859
0.802
0.609
0.793
0.855
0.859
0.824
0.024
0.776
0.929
0.374
0.051
0.639
0.374
0.599
0.715
0.323
0.67
0.776
0.309
0.492
0.268
0.999
0.625
0.845
0.556
0.929
0.98
0.888
0.776
0.374
0.509
0.894
0.388
0.866
0.973
0.478
0.505
0.435
0.988
0.997
0.364
0.731
0.34
0.991
0.391
0.953
0.914
0.059
0.001
0.02
0.015
0.179
0.001
0.111
0.494
0.003
0.124
0.001
0.001
0.001
0.001
0.001
0.016
0.001
0.001
0.046
0.001
0.033
0.115
0.03
0.002
0.05
0.001
0.001
0.221
0.013
0.054
0.154
0.221
0.012
0.141
0.02
0.115
0.001
0.001
0.03
0.015
0.001
0.017
0.052
0.033
0.601
0.006
0.002
0.001
0.019
0.001
0.024
0.017
0.051
0.081
0.756
0.842
0.449
0.382
0.834
0.769
0.59
0.759
0.832
0.834
0.785
0.035
0.75
0.923
0.352
0.057
0.616
0.352
0.576
0.688
0.324
0.651
0.75
0.308
0.479
0.275
0.999
0.602
0.819
0.537
0.925
0.985
0.868
0.75
0.352
0.499
0.876
0.365
0.842
0.975
0.462
0.494
0.415
0.991
0.997
0.339
0.697
0.33
0.991
0.37
0.95
0.904
0.07
0.001
0.01
0.004
0.166
0.001
0.098
0.483
0.002
0.114
0.001
0.001
0.001
0.001
0.001
0.007
0.001
0.001
0.034
0.001
0.019
0.109
0.018
0.001
0.036
0.001
0.001
0.204
0.004
0.042
0.146
0.204
0.003
0.129
0.01
0.109
0.001
0.001
0.017
0.004
0.001
0.007
0.037
0.019
0.606
0.003
0.001
0.001
0.008
0.001
0.015
0.007
0.037
0.066
0.765
0.836
0.447
0.381
0.829
0.774
0.597
0.765
0.826
0.829
0.794
0.02
0.759
0.919
0.369
0.046
0.617
0.369
0.582
0.677
0.317
0.644
0.759
0.294
0.466
0.262
0.998
0.608
0.816
0.536
0.922
0.974
0.869
0.759
0.369
0.493
0.875
0.374
0.836
0.969
0.459
0.482
0.412
0.98
0.994
0.346
0.687
0.335
0.986
0.377
0.953
0.897
0.056
0.001
0.011
0.007
0.176
0.001
0.103
0.481
0.002
0.116
0.001
0.001
0.001
0.001
0.001
0.007
0.001
0.001
0.038
0.001
0.024
0.107
0.02
0.002
0.04
0.001
0.001
0.209
0.007
0.05
0.146
0.209
0.007
0.137
0.012
0.107
0.001
0.001
0.019
0.007
0.001
0.008
0.04
0.024
0.585
0.005
0.001
0.001
0.01
0.001
0.018
0.008
0.04
0.071
0.754
0.846
0.439
0.369
0.838
0.762
0.574
0.755
0.829
0.838
0.784
0.026
0.743
0.925
0.35
0.052
0.601
0.35
0.562
0.665
0.314
0.626
0.744
0.3
0.466
0.262
1
0.586
0.812
0.521
0.927
0.981
0.883
0.743
0.35
0.485
0.888
0.36
0.846
0.978
0.444
0.48
0.399
0.989
0.993
0.335
0.679
0.323
0.989
0.363
0.955
0.905
0.062
0.001
0.01
0.008
0.172
0.001
0.105
0.487
0.005
0.117
0.001
0.001
0.001
0.001
0.001
0.009
0.001
0.001
0.043
0.001
0.024
0.108
0.02
0.002
0.05
0.001
0.001
0.217
0.007
0.058
0.153
0.217
0.007
0.136
0.01
0.108
0.001
0.001
0.02
0.008
0.001
0.009
0.055
0.024
0.592
0.007
0.001
0.001
0.009
0.001
0.015
0.009
0.052
0.082
0.773
0.862
0.444
0.374
0.855
0.782
0.582
0.774
0.853
0.855
0.803
0.025
0.761
0.932
0.354
0.061
0.608
0.354
0.572
0.671
0.311
0.638
0.762
0.301
0.468
0.268
0.999
0.595
0.838
0.534
0.934
0.984
0.891
0.761
0.354
0.491
0.893
0.363
0.862
0.977
0.453
0.487
0.403
0.991
0.997
0.336
0.682
0.326
0.995
0.367
0.957
0.916
0.072
0.001
0.01
0.004
0.182
0.001
0.112
0.469
0.001
0.128
0.001
0.001
0.001
0.001
0.001
0.005
0.001
0.001
0.035
0.001
0.02
0.12
0.02
0.001
0.041
0.001
0.001
0.209
0.003
0.051
0.16
0.209
0.001
0.147
0.01
0.12
0.001
0.001
0.019
0.004
0.001
0.008
0.045
0.02
0.583
0.001
0.001
0.001
0.009
0.001
0.016
0.008
0.042
0.085
0.771
0.847
0.433
0.38
0.837
0.782
0.573
0.771
0.836
0.837
0.807
0.022
0.76
0.923
0.357
0.057
0.595
0.357
0.562
0.665
0.321
0.628
0.761
0.303
0.454
0.267
1
0.584
0.828
0.527
0.923
0.983
0.872
0.76
0.357
0.48
0.881
0.365
0.847
0.975
0.44
0.469
0.41
0.992
0.998
0.339
0.681
0.331
0.994
0.367
0.959
0.9
0.072
0.001
0.008
0.006
0.183
0.001
0.115
0.478
0.001
0.127
0.001
0.001
0.001
0.001
0.001
0.007
0.001
0.001
0.039
0.001
0.022
0.121
0.02
0.001
0.046
0.001
0.001
0.216
0.006
0.054
0.155
0.216
0.003
0.143
0.008
0.121
0.001
0.001
0.019
0.006
0.001
0.008
0.049
0.022
0.591
0.002
0.001
0.001
0.008
0.001
0.015
0.008
0.046
0.086
0.763
0.846
0.448
0.389
0.838
0.77
0.586
0.765
0.836
0.838
0.795
0.023
0.755
0.914
0.367
0.06
0.606
0.367
0.57
0.673
0.323
0.634
0.755
0.312
0.464
0.281
1
0.594
0.824
0.527
0.918
0.979
0.872
0.755
0.367
0.485
0.877
0.375
0.846
0.969
0.459
0.478
0.419
0.988
0.997
0.354
0.687
0.337
0.991
0.378
0.946
0.891
0.074
0.001
0.017
0.01
0.199
0.001
0.12
0.497
0.004
0.138
0.001
0.001
0.001
0.001
0.001
0.011
0.001
0.001
0.044
0.001
0.029
0.13
0.026
0.003
0.048
0.001
0.001
0.227
0.008
0.059
0.172
0.227
0.006
0.158
0.017
0.13
0.001
0.001
0.024
0.01
0.001
0.012
0.051
0.03
0.607
0.006
0.002
0.001
0.016
0.001
0.018
0.012
0.048
0.092
0.765
0.85
0.456
0.384
0.847
0.778
0.595
0.765
0.845
0.847
0.797
0.032
0.756
0.915
0.366
0.064
0.615
0.366
0.582
0.68
0.33
0.644
0.757
0.319
0.48
0.28
0.998
0.609
0.828
0.544
0.92
0.984
0.874
0.756
0.366
0.505
0.879
0.369
0.85
0.977
0.465
0.496
0.416
0.989
0.997
0.349
0.694
0.337
0.994
0.373
0.956
0.901
0.076
0.001
0.009
0.006
0.175
0.001
0.097
0.506
0.001
0.115
0.001
0.001
0.001
0.001
0.001
0.006
0.001
0.001
0.036
0.001
0.017
0.105
0.016
0.001
0.041
0.001
0.001
0.216
0.006
0.046
0.151
0.216
0.004
0.133
0.009
0.105
0.001
0.001
0.015
0.006
0.001
0.007
0.043
0.017
0.609
0.003
0.001
0.001
0.008
0.001
0.013
0.006
0.042
0.072
0.768
0.861
0.472
0.409
0.85
0.782
0.602
0.769
0.847
0.85
0.812
0.02
0.76
0.934
0.389
0.049
0.619
0.389
0.593
0.687
0.347
0.65
0.761
0.326
0.492
0.278
0.999
0.609
0.838
0.559
0.937
0.987
0.888
0.76
0.389
0.516
0.898
0.396
0.861
0.982
0.481
0.506
0.44
0.99
0.997
0.374
0.694
0.357
0.992
0.4
0.968
0.913
0.058
0.001
0.015
0.01
0.187
0.001
0.111
0.499
0.001
0.122
0.001
0.001
0.001
0.001
0.001
0.011
0.001
0.001
0.047
0.001
0.025
0.116
0.024
0.001
0.053
0.001
0.001
0.23
0.009
0.062
0.159
0.23
0.008
0.145
0.015
0.116
0.001
0.001
0.023
0.01
0.001
0.013
0.056
0.025
0.622
0.005
0.001
0.001
0.013
0.001
0.02
0.013
0.054
0.081
0.76
0.839
0.464
0.394
0.834
0.773
0.614
0.76
0.832
0.834
0.79
0.029
0.747
0.919
0.366
0.065
0.636
0.366
0.602
0.692
0.326
0.656
0.747
0.311
0.492
0.274
1
0.623
0.817
0.562
0.921
0.986
0.868
0.747
0.366
0.508
0.874
0.372
0.839
0.983
0.48
0.499
0.425
0.994
1
0.35
0.7
0.34
0.996
0.378
0.951
0.899
0.069
0.001
0.014
0.008
0.184
0.001
0.11
0.496
0.002
0.129
0.001
0.001
0.001
0.001
0.001
0.01
0.001
0.001
0.047
0.001
0.033
0.118
0.031
0.001
0.05
0.001
0.001
0.222
0.007
0.055
0.16
0.222
0.006
0.145
0.014
0.118
0.001
0.001
0.03
0.008
0.001
0.013
0.052
0.033
0.603
0.004
0.001
0.001
0.014
0.001
0.024
0.013
0.051
0.08
0.766
0.849
0.453
0.391
0.845
0.779
0.592
0.767
0.844
0.845
0.802
0.034
0.752
0.908
0.359
0.057
0.618
0.359
0.581
0.673
0.317
0.642
0.753
0.308
0.477
0.269
0.998
0.606
0.83
0.543
0.909
0.982
0.868
0.752
0.359
0.502
0.873
0.372
0.849
0.968
0.468
0.496
0.414
0.988
0.997
0.346
0.683
0.332
0.99
0.375
0.943
0.89
0.065
0.001
0.011
0.009
0.17
0.002
0.102
0.48
0.003
0.118
0.001
0.001
0.002
0.001
0.001
0.009
0.001
0.002
0.04
0.001
0.021
0.108
0.021
0.003
0.041
0.002
0.001
0.209
0.009
0.045
0.155
0.209
0.006
0.141
0.012
0.108
0.003
0.001
0.021
0.009
0.002
0.009
0.041
0.021
0.605
0.003
0.003
0.001
0.01
0.003
0.014
0.009
0.041
0.077
0.762
0.847
0.439
0.373
0.838
0.769
0.597
0.762
0.835
0.838
0.788
0.028
0.754
0.916
0.35
0.049
0.612
0.35
0.584
0.685
0.314
0.64
0.756
0.307
0.461
0.268
0.996
0.607
0.823
0.54
0.919
0.979
0.866
0.754
0.35
0.491
0.871
0.359
0.847
0.975
0.452
0.48
0.408
0.985
0.994
0.335
0.697
0.327
0.988
0.362
0.962
0.892
0.062
0.001
0.005
0.004
0.168
0.001
0.112
0.471
0.002
0.128
0.001
0.001
0.001
0.001
0.001
0.004
0.001
0.001
0.042
0.001
0.017
0.121
0.016
0.002
0.048
0.001
0.001
0.201
0.003
0.057
0.143
0.201
0.002
0.136
0.005
0.121
0.001
0.001
0.015
0.004
0.001
0.004
0.051
0.017
0.588
0.002
0.001
0.001
0.005
0.001
0.009
0.004
0.048
0.087
0.759
0.837
0.428
0.366
0.828
0.768
0.578
0.759
0.827
0.828
0.786
0.025
0.746
0.904
0.344
0.058
0.603
0.344
0.567
0.665
0.312
0.63
0.746
0.299
0.456
0.269
0.998
0.589
0.814
0.528
0.906
0.968
0.862
0.746
0.344
0.474
0.865
0.354
0.837
0.959
0.438
0.471
0.393
0.976
0.992
0.332
0.673
0.324
0.983
0.356
0.94
0.885
0.063
0.001
0.013
0.008
0.188
0.001
0.115
0.464
0.003
0.133
0.001
0.001
0.001
0.001
0.001
0.01
0.001
0.001
0.04
0.001
0.023
0.129
0.019
0.003
0.046
0.001
0.001
0.224
0.007
0.052
0.168
0.224
0.006
0.152
0.013
0.129
0.001
0.001
0.019
0.008
0.001
0.01
0.047
0.023
0.592
0.004
0.003
0.001
0.012
0.001
0.016
0.01
0.047
0.088
0.774
0.858
0.42
0.372
0.852
0.79
0.581
0.776
0.851
0.852
0.804
0.025
0.764
0.916
0.352
0.058
0.6
0.352
0.571
0.672
0.319
0.63
0.764
0.303
0.448
0.276
1
0.594
0.837
0.523
0.916
0.975
0.877
0.764
0.352
0.474
0.885
0.359
0.858
0.964
0.429
0.464
0.392
0.986
0.996
0.336
0.689
0.328
0.99
0.361
0.94
0.904
0.073
0.001
0.016
0.01
0.178
0.001
0.113
0.475
0.005
0.122
0.001
0.001
0.001
0.001
0.001
0.013
0.001
0.001
0.05
0.001
0.027
0.116
0.024
0.004
0.053
0.001
0.001
0.209
0.009
0.058
0.148
0.209
0.008
0.137
0.016
0.116
0.001
0.001
0.024
0.01
0.001
0.013
0.056
0.027
0.614
0.006
0.004
0.001
0.013
0.003
0.019
0.013
0.053
0.084
0.774
0.862
0.442
0.375
0.853
0.782
0.604
0.774
0.852
0.853
0.809
0.032
0.764
0.926
0.35
0.06
0.625
0.35
0.589
0.679
0.311
0.647
0.764
0.299
0.461
0.267
0.999
0.615
0.839
0.549
0.928
0.981
0.886
0.764
0.35
0.487
0.892
0.361
0.862
0.976
0.449
0.475
0.41
0.99
0.997
0.34
0.693
0.328
0.993
0.363
0.958
0.911
0.068
0.001
0.004
0.001
0.173
0.001
0.097
0.501
0.001
0.117
0.001
0.001
0.001
0.001
0.001
0.002
0.001
0.001
0.032
0.001
0.012
0.107
0.01
0.001
0.034
0.001
0.001
0.207
0.001
0.046
0.148
0.207
0.001
0.136
0.004
0.107
0.001
0.001
0.007
0.001
0.001
0.003
0.04
0.012
0.619
0.001
0.001
0.001
0.003
0.001
0.005
0.003
0.036
0.074
0.783
0.869
0.453
0.373
0.858
0.789
0.607
0.783
0.855
0.858
0.799
0.014
0.774
0.935
0.349
0.05
0.633
0.349
0.594
0.702
0.314
0.661
0.774
0.3
0.479
0.267
0.998
0.619
0.83
0.554
0.939
0.982
0.894
0.774
0.349
0.513
0.901
0.361
0.869
0.974
0.462
0.501
0.411
0.987
0.997
0.34
0.713
0.328
0.991
0.363
0.958
0.919
0.06
0.001
0.011
0.006
0.167
0.001
0.101
0.48
0.003
0.117
0.001
0.001
0.001
0.001
0.001
0.007
0.001
0.001
0.042
0.001
0.023
0.109
0.023
0.002
0.045
0.001
0.001
0.203
0.004
0.051
0.144
0.203
0.004
0.13
0.011
0.109
0.001
0.001
0.022
0.006
0.001
0.007
0.049
0.023
0.591
0.004
0.002
0.001
0.01
0.002
0.017
0.007
0.045
0.072
0.76
0.855
0.441
0.378
0.843
0.765
0.585
0.762
0.84
0.843
0.79
0.026
0.746
0.927
0.351
0.051
0.602
0.351
0.572
0.653
0.318
0.622
0.746
0.3
0.461
0.262
0.997
0.591
0.824
0.528
0.928
0.982
0.88
0.746
0.351
0.483
0.887
0.364
0.855
0.976
0.45
0.479
0.411
0.99
0.994
0.341
0.663
0.328
0.991
0.368
0.959
0.908
0.061
0.001
0.013
0.008
0.168
0.001
0.091
0.506
0.002
0.108
0.001
0.001
0.001
0.001
0.001
0.009
0.001
0.001
0.044
0.001
0.023
0.096
0.023
0.002
0.049
0.001
0.001
0.211
0.006
0.059
0.134
0.211
0.004
0.121
0.013
0.096
0.001
0.001
0.022
0.008
0.001
0.01
0.052
0.023
0.631
0.002
0.001
0.001
0.01
0.001
0.019
0.01
0.05
0.075
0.797
0.865
0.473
0.402
0.853
0.804
0.618
0.798
0.851
0.853
0.817
0.027
0.789
0.941
0.364
0.063
0.639
0.364
0.604
0.701
0.323
0.658
0.789
0.307
0.497
0.272
0.998
0.632
0.839
0.557
0.942
0.982
0.891
0.789
0.364
0.516
0.901
0.382
0.865
0.978
0.485
0.506
0.44
0.99
0.995
0.348
0.708
0.335
0.994
0.387
0.959
0.919
0.069
0.001
0.009
0.003
0.202
0.001
0.109
0.5
0.001
0.132
0.001
0.001
0.001
0.001
0.001
0.004
0.001
0.001
0.044
0.001
0.024
0.122
0.02
0.001
0.046
0.001
0.001
0.251
0.003
0.053
0.171
0.251
0.001
0.144
0.009
0.122
0.001
0.001
0.02
0.003
0.001
0.006
0.05
0.026
0.62
0.001
0.001
0.001
0.007
0.001
0.013
0.006
0.048
0.077
0.781
0.854
0.46
0.409
0.845
0.788
0.61
0.781
0.844
0.845
0.801
0.029
0.769
0.921
0.389
0.056
0.634
0.389
0.59
0.701
0.345
0.669
0.769
0.33
0.479
0.297
1
0.622
0.828
0.552
0.921
0.985
0.882
0.769
0.389
0.509
0.886
0.402
0.854
0.972
0.465
0.5
0.424
0.988
0.998
0.37
0.715
0.355
0.993
0.403
0.957
0.903
0.062
0.001
0.012
0.006
0.17
0.001
0.101
0.476
0.002
0.115
0.001
0.001
0.001
0.001
0.001
0.007
0.001
0.001
0.031
0.001
0.019
0.104
0.018
0.002
0.037
0.001
0.001
0.203
0.006
0.047
0.141
0.203
0.005
0.133
0.012
0.104
0.001
0.001
0.017
0.006
0.001
0.009
0.041
0.019
0.583
0.004
0.002
0.001
0.01
0.001
0.016
0.009
0.037
0.076
0.751
0.858
0.434
0.39
0.848
0.764
0.576
0.753
0.846
0.848
0.791
0.021
0.743
0.929
0.368
0.05
0.594
0.368
0.565
0.664
0.326
0.624
0.744
0.314
0.467
0.27
1
0.584
0.831
0.525
0.93
0.984
0.887
0.743
0.368
0.49
0.892
0.377
0.858
0.98
0.447
0.476
0.413
0.986
0.999
0.351
0.676
0.339
0.992
0.38
0.967
0.906
0.066
0.001
0.011
0.006
0.176
0.001
0.109
0.503
0.001
0.124
0.001
0.001
0.001
0.001
0.001
0.008
0.001
0.001
0.037
0.001
0.018
0.12
0.016
0.001
0.045
0.001
0.001
0.221
0.005
0.056
0.156
0.221
0.003
0.141
0.011
0.12
0.001
0.001
0.016
0.006
0.001
0.011
0.048
0.018
0.616
0.003
0.001
0.001
0.011
0.001
0.016
0.011
0.045
0.08
0.775
0.861
0.457
0.393
0.855
0.786
0.612
0.777
0.854
0.855
0.809
0.019
0.769
0.923
0.364
0.058
0.632
0.364
0.603
0.69
0.329
0.659
0.769
0.311
0.485
0.277
0.999
0.617
0.84
0.559
0.924
0.973
0.886
0.769
0.364
0.514
0.893
0.378
0.861
0.963
0.471
0.503
0.419
0.98
0.995
0.359
0.703
0.346
0.985
0.382
0.946
0.907
0.069
0.001
0.015
0.009
0.203
0.001
0.12
0.482
0.002
0.142
0.001
0.001
0.001
0.001
0.001
0.01
0.001
0.001
0.051
0.001
0.027
0.133
0.026
0.001
0.054
0.001
0.001
0.239
0.007
0.063
0.173
0.239
0.006
0.159
0.015
0.133
0.001
0.001
0.025
0.009
0.001
0.013
0.056
0.027
0.583
0.004
0.001
0.001
0.014
0.001
0.022
0.013
0.054
0.092
0.764
0.858
0.456
0.388
0.849
0.777
0.57
0.765
0.848
0.849
0.801
0.034
0.754
0.922
0.362
0.066
0.607
0.362
0.559
0.666
0.334
0.633
0.754
0.323
0.478
0.296
0.999
0.587
0.832
0.529
0.924
0.984
0.883
0.754
0.362
0.489
0.887
0.372
0.858
0.978
0.465
0.482
0.419
0.995
0.998
0.354
0.677
0.341
0.996
0.375
0.956
0.906
0.077
0.001
0.01
0.008
0.167
0.001
0.1
0.488
0.002
0.112
0.001
0.001
0.001
0.001
0.001
0.009
0.001
0.001
0.038
0.001
0.021
0.105
0.019
0.002
0.041
0.001
0.001
0.209
0.008
0.053
0.14
0.209
0.007
0.134
0.01
0.105
0.001
0.001
0.017
0.008
0.001
0.009
0.047
0.021
0.609
0.004
0.001
0.001
0.01
0.001
0.014
0.009
0.041
0.071
0.757
0.846
0.445
0.387
0.838
0.77
0.602
0.757
0.837
0.838
0.788
0.03
0.74
0.918
0.36
0.058
0.62
0.36
0.588
0.675
0.321
0.644
0.741
0.299
0.471
0.268
1
0.61
0.828
0.543
0.919
0.98
0.872
0.74
0.36
0.496
0.877
0.374
0.846
0.972
0.458
0.488
0.418
0.993
0.997
0.341
0.69
0.329
0.995
0.376
0.953
0.899
0.064
0.001
0.007
0.005
0.155
0.001
0.089
0.466
0.001
0.103
0.001
0.001
0.001
0.001
0.001
0.005
0.001
0.001
0.045
0.001
0.02
0.096
0.017
0.001
0.047
0.001
0.001
0.188
0.005
0.053
0.131
0.188
0.005
0.12
0.007
0.096
0.001
0.001
0.016
0.005
0.001
0.006
0.05
0.021
0.586
0.003
0.001
0.001
0.007
0.001
0.013
0.006
0.049
0.072
0.761
0.853
0.427
0.347
0.842
0.775
0.573
0.761
0.84
0.842
0.799
0.024
0.75
0.917
0.318
0.056
0.608
0.318
0.566
0.671
0.286
0.635
0.75
0.269
0.453
0.24
0.999
0.59
0.82
0.529
0.921
0.975
0.881
0.75
0.318
0.472
0.884
0.33
0.853
0.972
0.436
0.466
0.385
0.987
0.997
0.308
0.687
0.296
0.994
0.333
0.955
0.902
0.067
0.001
0.01
0.008
0.171
0.001
0.107
0.509
0.004
0.12
0.001
0.001
0.002
0.001
0.001
0.008
0.001
0.001
0.03
0.001
0.018
0.114
0.017
0.004
0.038
0.001
0.001
0.219
0.008
0.05
0.144
0.219
0.008
0.137
0.01
0.114
0.002
0.001
0.016
0.008
0.001
0.008
0.044
0.019
0.628
0.004
0.002
0.001
0.008
0.002
0.013
0.008
0.039
0.074
0.796
0.867
0.47
0.402
0.853
0.809
0.616
0.797
0.852
0.853
0.821
0.02
0.783
0.939
0.375
0.054
0.645
0.375
0.604
0.704
0.328
0.67
0.783
0.314
0.494
0.279
0.998
0.631
0.843
0.565
0.941
0.986
0.893
0.783
0.375
0.517
0.9
0.386
0.867
0.98
0.481
0.509
0.435
0.99
0.994
0.361
0.714
0.349
0.992
0.393
0.968
0.92
0.058
0.001
0.012
0.005
0.177
0.001
0.11
0.481
0.002
0.123
0.001
0.001
0.001
0.001
0.001
0.008
0.001
0.001
0.038
0.001
0.025
0.114
0.023
0.001
0.041
0.001
0.001
0.213
0.004
0.047
0.152
0.213
0.004
0.14
0.012
0.114
0.001
0.001
0.022
0.005
0.001
0.009
0.045
0.025
0.586
0.004
0.001
0.001
0.012
0.001
0.016
0.009
0.041
0.072
0.749
0.846
0.444
0.374
0.837
0.76
0.579
0.75
0.835
0.837
0.786
0.027
0.741
0.928
0.353
0.048
0.605
0.353
0.564
0.68
0.321
0.635
0.742
0.305
0.463
0.264
0.999
0.588
0.818
0.53
0.929
0.984
0.882
0.741
0.353
0.489
0.891
0.365
0.846
0.976
0.452
0.48
0.405
0.988
0.996
0.337
0.691
0.327
0.991
0.368
0.95
0.912
0.06
0.001
0.004
0.003
0.16
0.001
0.094
0.46
0.001
0.104
0.001
0.001
0.001
0.001
0.001
0.003
0.001
0.001
0.026
0.001
0.012
0.101
0.012
0.001
0.028
0.001
0.001
0.19
0.003
0.039
0.131
0.19
0.002
0.118
0.004
0.101
0.001
0.001
0.012
0.003
0.001
0.003
0.03
0.012
0.586
0.001
0.001
0.001
0.004
0.001
0.009
0.003
0.029
0.07
0.769
0.852
0.42
0.356
0.846
0.786
0.574
0.771
0.846
0.846
0.808
0.013
0.763
0.926
0.334
0.041
0.597
0.334
0.554
0.676
0.291
0.631
0.763
0.277
0.441
0.24
1
0.589
0.833
0.514
0.928
0.983
0.88
0.763
0.334
0.468
0.89
0.344
0.852
0.977
0.427
0.46
0.39
0.988
0.996
0.317
0.692
0.31
0.991
0.347
0.96
0.906
0.058
0.001
0.009
0.004
0.165
0.001
0.106
0.486
0.002
0.116
0.001
0.001
0.001
0.001
0.001
0.005
0.001
0.001
0.038
0.001
0.024
0.11
0.02
0.002
0.042
0.001
0.001
0.198
0.004
0.05
0.145
0.198
0.003
0.132
0.009
0.11
0.001
0.001
0.018
0.004
0.001
0.006
0.044
0.024
0.61
0.002
0.001
0.001
0.007
0.001
0.011
0.006
0.043
0.08
0.78
0.865
0.447
0.371
0.859
0.794
0.6
0.78
0.859
0.859
0.811
0.029
0.77
0.939
0.359
0.053
0.625
0.359
0.588
0.685
0.325
0.649
0.772
0.303
0.472
0.253
0.997
0.611
0.845
0.55
0.94
0.983
0.892
0.77
0.359
0.496
0.901
0.363
0.865
0.977
0.455
0.486
0.411
0.99
0.996
0.35
0.699
0.336
0.992
0.364
0.965
0.927
0.064
0.001
0.016
0.012
0.196
0.001
0.123
0.518
0.003
0.142
0.001
0.001
0.001
0.001
0.001
0.012
0.001
0.001
0.049
0.001
0.025
0.132
0.023
0.001
0.053
0.001
0.001
0.234
0.009
0.057
0.172
0.234
0.007
0.16
0.016
0.132
0.001
0.001
0.022
0.012
0.001
0.015
0.054
0.025
0.625
0.005
0.001
0.001
0.016
0.001
0.018
0.014
0.053
0.091
0.775
0.851
0.477
0.404
0.84
0.787
0.616
0.776
0.837
0.84
0.809
0.031
0.76
0.926
0.382
0.067
0.636
0.382
0.602
0.686
0.352
0.667
0.76
0.334
0.501
0.288
0.999
0.628
0.831
0.567
0.928
0.985
0.888
0.76
0.382
0.524
0.894
0.394
0.851
0.978
0.485
0.518
0.44
0.988
0.998
0.367
0.692
0.36
0.993
0.398
0.967
0.908
0.077
0.001
0.012
0.009
0.202
0.001
0.132
0.523
0.003
0.152
0.001
0.001
0.001
0.001
0.001
0.01
0.001
0.001
0.045
0.001
0.027
0.141
0.024
0.002
0.047
0.001
0.001
0.241
0.007
0.057
0.18
0.241
0.006
0.164
0.012
0.141
0.001
0.001
0.022
0.009
0.001
0.011
0.053
0.028
0.631
0.005
0.001
0.001
0.012
0.001
0.02
0.011
0.049
0.097
0.796
0.866
0.488
0.423
0.859
0.808
0.623
0.798
0.857
0.859
0.827
0.031
0.787
0.929
0.397
0.059
0.646
0.397
0.613
0.709
0.351
0.679
0.789
0.336
0.509
0.297
0.998
0.636
0.85
0.576
0.933
0.982
0.891
0.787
0.397
0.531
0.896
0.407
0.866
0.978
0.497
0.523
0.461
0.987
0.997
0.382
0.715
0.375
0.992
0.412
0.963
0.917
0.072
0.001
0.007
0.004
0.178
0.001
0.099
0.498
0.001
0.116
0.001
0.001
0.001
0.001
0.001
0.005
0.001
0.001
0.035
0.001
0.013
0.103
0.01
0.001
0.04
0.001
0.001
0.22
0.003
0.048
0.151
0.22
0.002
0.137
0.007
0.103
0.001
0.001
0.01
0.004
0.001
0.006
0.043
0.013
0.616
0.001
0.001
0.001
0.007
0.001
0.008
0.006
0.041
0.074
0.779
0.871
0.461
0.399
0.86
0.789
0.606
0.78
0.857
0.86
0.808
0.018
0.772
0.93
0.379
0.052
0.624
0.379
0.596
0.694
0.339
0.657
0.772
0.327
0.481
0.284
0.999
0.617
0.839
0.562
0.931
0.99
0.898
0.772
0.379
0.509
0.903
0.388
0.871
0.984
0.469
0.498
0.433
0.993
0.997
0.368
0.711
0.354
0.995
0.388
0.963
0.917
0.06
0.001
0.007
0.006
0.165
0.001
0.098
0.477
0.002
0.117
0.001
0.001
0.001
0.001
0.001
0.006
0.001
0.001
0.035
0.001
0.017
0.111
0.015
0.001
0.038
0.001
0.001
0.2
0.004
0.047
0.143
0.2
0.003
0.129
0.007
0.111
0.001
0.001
0.015
0.006
0.001
0.006
0.041
0.018
0.576
0.002
0.001
0.001
0.006
0.001
0.011
0.006
0.039
0.073
0.739
0.828
0.444
0.37
0.817
0.748
0.566
0.739
0.815
0.817
0.766
0.02
0.733
0.913
0.354
0.05
0.588
0.354
0.548
0.66
0.319
0.62
0.733
0.306
0.46
0.262
1
0.577
0.802
0.517
0.913
0.979
0.863
0.733
0.354
0.483
0.868
0.362
0.828
0.974
0.449
0.477
0.414
0.985
0.994
0.341
0.671
0.329
0.987
0.363
0.948
0.889
0.057
0.001
0.008
0.004
0.172
0.001
0.097
0.494
0.002
0.115
0.001
0.001
0.001
0.001
0.001
0.004
0.001
0.001
0.036
0.001
0.013
0.108
0.011
0.002
0.039
0.001
0.001
0.215
0.004
0.049
0.146
0.215
0.004
0.128
0.008
0.108
0.001
0.001
0.011
0.004
0.001
0.005
0.042
0.015
0.607
0.004
0.001
0.001
0.007
0.001
0.01
0.005
0.04
0.068
0.756
0.848
0.462
0.394
0.834
0.771
0.596
0.758
0.834
0.834
0.799
0.019
0.75
0.922
0.371
0.053
0.62
0.371
0.585
0.674
0.333
0.647
0.75
0.319
0.482
0.28
0.998
0.61
0.822
0.551
0.923
0.985
0.864
0.75
0.371
0.503
0.871
0.377
0.848
0.974
0.473
0.493
0.422
0.989
0.996
0.356
0.684
0.349
0.994
0.384
0.958
0.9
0.057
0.001
0.01
0.005
0.181
0.001
0.106
0.477
0.001
0.12
0.001
0.001
0.001
0.001
0.001
0.005
0.001
0.001
0.051
0.001
0.027
0.115
0.024
0.001
0.053
0.001
0.001
0.225
0.004
0.064
0.15
0.225
0.003
0.134
0.01
0.115
0.001
0.001
0.023
0.005
0.001
0.007
0.057
0.027
0.599
0.002
0.001
0.001
0.007
0.001
0.017
0.007
0.056
0.082
0.757
0.853
0.434
0.374
0.844
0.765
0.586
0.757
0.842
0.844
0.788
0.032
0.743
0.931
0.353
0.068
0.62
0.353
0.57
0.665
0.307
0.634
0.743
0.297
0.464
0.264
0.999
0.602
0.819
0.535
0.934
0.98
0.883
0.743
0.353
0.485
0.888
0.363
0.853
0.973
0.45
0.477
0.402
0.989
0.996
0.336
0.674
0.321
0.994
0.364
0.96
0.916
0.073
0.001
0.018
0.013
0.196
0.001
0.124
0.501
0.005
0.136
0.001
0.001
0.001
0.001
0.001
0.013
0.001
0.001
0.049
0.001
0.03
0.126
0.03
0.004
0.051
0.001
0.001
0.242
0.01
0.059
0.17
0.242
0.009
0.15
0.018
0.126
0.001
0.001
0.029
0.013
0.001
0.016
0.053
0.03
0.62
0.007
0.004
0.001
0.017
0.003
0.025
0.016
0.051
0.095
0.777
0.862
0.473
0.4
0.847
0.79
0.61
0.778
0.844
0.847
0.804
0.035
0.767
0.937
0.375
0.066
0.637
0.375
0.595
0.701
0.342
0.669
0.767
0.324
0.485
0.297
0.998
0.625
0.828
0.553
0.939
0.979
0.899
0.767
0.375
0.507
0.905
0.389
0.862
0.969
0.478
0.501
0.429
0.987
0.998
0.362
0.713
0.35
0.991
0.391
0.956
0.922
0.083
0.001
0.01
0.007
0.183
0.001
0.106
0.495
0.001
0.128
0.001
0.001
0.001
0.001
0.001
0.007
0.001
0.001
0.038
0.001
0.024
0.117
0.019
0.001
0.041
0.001
0.001
0.215
0.006
0.051
0.154
0.215
0.003
0.142
0.011
0.117
0.001
0.001
0.016
0.007
0.001
0.007
0.049
0.024
0.609
0.001
0.001
0.001
0.007
0.001
0.015
0.007
0.045
0.08
0.778
0.858
0.453
0.392
0.85
0.789
0.597
0.778
0.85
0.85
0.812
0.028
0.769
0.925
0.373
0.055
0.629
0.373
0.585
0.684
0.337
0.658
0.769
0.325
0.472
0.286
0.999
0.61
0.829
0.542
0.928
0.985
0.886
0.769
0.373
0.504
0.891
0.381
0.858
0.978
0.459
0.495
0.422
0.99
0.994
0.358
0.697
0.345
0.993
0.385
0.959
0.908
0.065
0.001
0.011
0.006
0.159
0.001
0.096
0.517
0.003
0.106
0.001
0.001
0.001
0.001
0.001
0.006
0.001
0.001
0.041
0.001
0.021
0.1
0.02
0.002
0.045
0.001
0.001
0.201
0.006
0.052
0.135
0.201
0.005
0.121
0.012
0.1
0.001
0.001
0.019
0.006
0.001
0.006
0.045
0.021
0.637
0.003
0.001
0.001
0.009
0.001
0.015
0.006
0.045
0.074
0.794
0.868
0.479
0.397
0.858
0.809
0.627
0.795
0.856
0.858
0.826
0.027
0.784
0.919
0.37
0.056
0.648
0.37
0.611
0.705
0.321
0.677
0.787
0.307
0.505
0.268
1
0.641
0.848
0.575
0.922
0.985
0.884
0.784
0.37
0.524
0.89
0.379
0.868
0.974
0.493
0.516
0.442
0.989
0.997
0.354
0.714
0.334
0.991
0.382
0.95
0.907
0.067
0.001
0.009
0.007
0.18
0.001
0.101
0.498
0.003
0.115
0.001
0.001
0.001
0.001
0.001
0.007
0.001
0.001
0.042
0.001
0.019
0.111
0.019
0.003
0.048
0.001
0.001
0.228
0.007
0.051
0.145
0.228
0.006
0.131
0.009
0.111
0.001
0.001
0.016
0.007
0.001
0.009
0.05
0.019
0.598
0.004
0.001
0.001
0.009
0.001
0.011
0.009
0.049
0.075
0.76
0.854
0.463
0.398
0.843
0.771
0.588
0.761
0.839
0.843
0.8
0.023
0.75
0.934
0.368
0.057
0.616
0.368
0.578
0.661
0.326
0.636
0.75
0.319
0.479
0.284
1
0.6
0.826
0.54
0.936
0.989
0.889
0.75
0.368
0.508
0.891
0.383
0.854
0.984
0.469
0.497
0.43
0.992
0.999
0.357
0.675
0.345
0.995
0.386
0.963
0.909
0.062
0.001
0.01
0.006
0.171
0.001
0.096
0.489
0.003
0.107
0.001
0.001
0.001
0.001
0.001
0.007
0.001
0.001
0.036
0.001
0.019
0.099
0.018
0.003
0.038
0.001
0.001
0.206
0.005
0.045
0.137
0.206
0.004
0.119
0.01
0.099
0.001
0.001
0.016
0.006
0.001
0.009
0.043
0.019
0.618
0.004
0.001
0.001
0.009
0.001
0.012
0.009
0.041
0.067
0.779
0.873
0.455
0.385
0.863
0.791
0.6
0.78
0.861
0.863
0.811
0.025
0.767
0.929
0.348
0.047
0.628
0.348
0.582
0.692
0.319
0.649
0.768
0.311
0.477
0.267
0.997
0.619
0.845
0.541
0.931
0.983
0.901
0.767
0.348
0.498
0.91
0.368
0.873
0.973
0.466
0.489
0.418
0.988
0.997
0.339
0.702
0.329
0.996
0.371
0.957
0.919
0.056
0.001
0.005
0.004
0.166
0.001
0.1
0.484
0.001
0.112
0.001
0.001
0.001
0.001
0.001
0.004
0.001
0.001
0.036
0.001
0.018
0.105
0.016
0.001
0.041
0.001
0.001
0.205
0.004
0.05
0.143
0.205
0.003
0.129
0.005
0.105
0.001
0.001
0.015
0.004
0.001
0.004
0.043
0.018
0.595
0.003
0.001
0.001
0.005
0.001
0.013
0.004
0.042
0.078
0.751
0.846
0.439
0.375
0.842
0.761
0.582
0.752
0.841
0.842
0.791
0.022
0.743
0.922
0.346
0.054
0.609
0.346
0.571
0.663
0.315
0.626
0.743
0.306
0.465
0.267
0.999
0.599
0.83
0.532
0.923
0.982
0.876
0.743
0.346
0.487
0.882
0.362
0.846
0.974
0.453
0.483
0.403
0.991
0.995
0.339
0.678
0.325
0.992
0.364
0.955
0.905
0.065
0.001
0.006
0.005
0.198
0.001
0.11
0.49
0.002
0.125
0.001
0.001
0.001
0.001
0.001
0.005
0.001
0.001
0.036
0.001
0.019
0.114
0.016
0.001
0.04
0.001
0.001
0.245
0.005
0.052
0.162
0.245
0.005
0.147
0.006
0.114
0.001
0.001
0.014
0.005
0.001
0.005
0.044
0.019
0.598
0.005
0.001
0.001
0.006
0.001
0.01
0.005
0.042
0.078
0.773
0.862
0.463
0.403
0.856
0.785
0.584
0.773
0.853
0.856
0.806
0.023
0.759
0.922
0.373
0.057
0.613
0.373
0.573
0.683
0.343
0.638
0.759
0.327
0.482
0.289
0.997
0.604
0.839
0.536
0.926
0.984
0.893
0.759
0.373
0.498
0.897
0.389
0.862
0.97
0.471
0.489
0.44
0.988
0.996
0.361
0.69
0.352
0.994
0.393
0.955
0.909
0.068
0.001
0.015
0.01
0.181
0.001
0.102
0.489
0.003
0.119
0.001
0.001
0.001
0.001
0.001
0.011
0.001
0.001
0.051
0.001
0.027
0.11
0.026
0.003
0.052
0.001
0.001
0.229
0.01
0.055
0.158
0.229
0.006
0.141
0.015
0.11
0.001
0.001
0.025
0.01
0.001
0.012
0.053
0.029
0.605
0.005
0.001
0.001
0.012
0.001
0.02
0.012
0.052
0.076
0.773
0.868
0.459
0.4
0.858
0.783
0.596
0.773
0.853
0.858
0.803
0.031
0.764
0.932
0.377
0.063
0.624
0.377
0.577
0.686
0.331
0.657
0.765
0.319
0.477
0.28
1
0.612
0.836
0.535
0.933
0.988
0.892
0.764
0.377
0.5
0.895
0.386
0.868
0.979
0.468
0.489
0.439
0.992
0.999
0.363
0.698
0.336
0.992
0.392
0.963
0.921
0.069
0.001
0.009
0.007
0.17
0.001
0.106
0.491
0.002
0.118
0.001
0.001
0.001
0.001
0.001
0.008
0.001
0.001
0.043
0.001
0.022
0.111
0.02
0.001
0.045
0.001
0.001
0.191
0.007
0.055
0.146
0.191
0.005
0.134
0.009
0.111
0.001
0.001
0.017
0.007
0.001
0.009
0.05
0.022
0.608
0.003
0.001
0.001
0.009
0.001
0.014
0.009
0.046
0.078
0.768
0.849
0.446
0.375
0.841
0.781
0.601
0.769
0.841
0.841
0.797
0.026
0.761
0.911
0.354
0.063
0.62
0.354
0.585
0.684
0.318
0.65
0.761
0.295
0.473
0.245
0.999
0.612
0.829
0.543
0.913
0.981
0.871
0.761
0.354
0.496
0.873
0.364
0.849
0.975
0.461
0.491
0.407
0.986
0.997
0.339
0.699
0.33
0.991
0.368
0.948
0.891
0.07
0.001
0.012
0.009
0.192
0.001
0.112
0.475
0.003
0.133
0.001
0.001
0.001
0.001
0.001
0.012
0.001
0.001
0.039
0.001
0.02
0.121
0.017
0.002
0.042
0.001
0.001
0.228
0.009
0.051
0.162
0.228
0.005
0.149
0.012
0.121
0.001
0.001
0.016
0.009
0.001
0.012
0.046
0.02
0.598
0.003
0.001
0.001
0.012
0.001
0.015
0.012
0.042
0.09
0.755
0.835
0.448
0.385
0.833
0.763
0.587
0.755
0.833
0.833
0.782
0.024
0.746
0.918
0.364
0.057
0.616
0.364
0.578
0.684
0.33
0.645
0.747
0.312
0.463
0.282
0.999
0.601
0.811
0.526
0.919
0.977
0.865
0.746
0.364
0.479
0.876
0.373
0.835
0.967
0.453
0.475
0.421
0.984
0.999
0.352
0.694
0.335
0.993
0.377
0.952
0.9
0.072
0.001
0.008
0.006
0.148
0.001
0.085
0.461
0.005
0.092
0.001
0.001
0.001
0.001
0.001
0.007
0.001
0.001
0.035
0.001
0.017
0.088
0.016
0.005
0.038
0.001
0.001
0.175
0.006
0.043
0.124
0.175
0.006
0.108
0.008
0.088
0.001
0.001
0.015
0.006
0.001
0.007
0.038
0.017
0.59
0.005
0.001
0.001
0.008
0.001
0.013
0.007
0.038
0.068
0.777
0.86
0.423
0.351
0.853
0.786
0.575
0.778
0.852
0.853
0.807
0.02
0.76
0.926
0.323
0.048
0.605
0.323
0.565
0.674
0.287
0.637
0.761
0.273
0.446
0.229
1
0.595
0.842
0.521
0.928
0.979
0.881
0.76
0.323
0.469
0.886
0.335
0.86
0.973
0.429
0.461
0.394
0.988
0.997
0.307
0.69
0.299
0.992
0.336
0.956
0.909
0.059
0.001
0.008
0.005
0.171
0.001
0.096
0.481
0.001
0.11
0.001
0.001
0.001
0.001
0.001
0.006
0.001
0.001
0.032
0.001
0.017
0.104
0.016
0.001
0.037
0.001
0.001
0.203
0.005
0.046
0.143
0.203
0.002
0.128
0.009
0.104
0.001
0.001
0.016
0.005
0.001
0.006
0.041
0.018
0.602
0.002
0.001
0.001
0.006
0.001
0.014
0.006
0.039
0.068
0.767
0.856
0.437
0.38
0.848
0.776
0.583
0.767
0.845
0.848
0.804
0.023
0.753
0.934
0.351
0.049
0.614
0.351
0.572
0.672
0.32
0.632
0.753
0.305
0.465
0.266
0.999
0.602
0.832
0.536
0.937
0.984
0.885
0.753
0.351
0.495
0.894
0.362
0.856
0.977
0.448
0.481
0.41
0.988
0.997
0.34
0.686
0.328
0.991
0.364
0.958
0.915
0.056
0.001
0.01
0.006
0.181
0.001
0.099
0.493
0.003
0.115
0.001
0.001
0.001
0.001
0.001
0.006
0.001
0.001
0.039
0.001
0.023
0.108
0.02
0.001
0.041
0.001
0.001
0.218
0.005
0.053
0.149
0.218
0.004
0.131
0.01
0.108
0.001
0.001
0.018
0.006
0.001
0.008
0.047
0.023
0.614
0.003
0.001
0.001
0.009
0.001
0.015
0.008
0.043
0.075
0.775
0.859
0.46
0.4
0.85
0.785
0.601
0.775
0.849
0.85
0.8
0.026
0.761
0.931
0.375
0.058
0.629
0.375
0.587
0.683
0.337
0.651
0.762
0.317
0.48
0.277
1
0.616
0.832
0.553
0.932
0.99
0.887
0.761
0.375
0.502
0.893
0.384
0.859
0.983
0.466
0.493
0.437
0.994
0.999
0.36
0.696
0.351
0.995
0.388
0.961
0.915
0.066
0.001
0.01
0.003
0.169
0.001
0.094
0.496
0.001
0.112
0.001
0.001
0.001
0.001
0.001
0.005
0.001
0.001
0.033
0.001
0.016
0.101
0.016
0.001
0.039
0.001
0.001
0.22
0.003
0.045
0.143
0.22
0.001
0.128
0.01
0.101
0.001
0.001
0.016
0.003
0.001
0.006
0.044
0.016
0.606
0.001
0.001
0.001
0.008
0.001
0.014
0.006
0.039
0.066
0.78
0.848
0.456
0.394
0.843
0.789
0.595
0.781
0.841
0.843
0.811
0.019
0.773
0.92
0.369
0.05
0.619
0.369
0.584
0.681
0.33
0.65
0.773
0.32
0.476
0.28
0.997
0.607
0.836
0.549
0.923
0.983
0.869
0.773
0.369
0.501
0.877
0.385
0.848
0.973
0.463
0.496
0.426
0.99
0.996
0.351
0.694
0.342
0.994
0.388
0.954
0.904
0.057
0.001
0.008
0.003
0.163
0.001
0.082
0.461
0.001
0.1
0.001
0.001
0.001
0.001
0.001
0.004
0.001
0.001
0.032
0.001
0.012
0.091
0.01
0.001
0.037
0.001
0.001
0.194
0.003
0.046
0.129
0.194
0.001
0.114
0.008
0.091
0.001
0.001
0.01
0.003
0.001
0.004
0.042
0.012
0.577
0.001
0.001
0.001
0.005
0.001
0.009
0.004
0.039
0.063
0.755
0.844
0.427
0.368
0.834
0.767
0.562
0.757
0.832
0.834
0.782
0.016
0.737
0.921
0.346
0.047
0.596
0.346
0.547
0.663
0.309
0.623
0.737
0.286
0.452
0.255
0.999
0.58
0.817
0.511
0.923
0.98
0.867
0.737
0.346
0.466
0.876
0.356
0.844
0.972
0.432
0.461
0.397
0.991
0.999
0.326
0.673
0.315
0.994
0.359
0.952
0.899
0.056
0.001
0.009
0.005
0.18
0.001
0.102
0.521
0.002
0.121
0.001
0.001
0.001
0.001
0.001
0.005
0.001
0.001
0.037
0.001
0.024
0.11
0.021
0.002
0.043
0.001
0.001
0.225
0.004
0.049
0.149
0.225
0.002
0.138
0.009
0.11
0.001
0.001
0.019
0.005
0.001
0.006
0.044
0.024
0.631
0.002
0.002
0.001
0.006
0.001
0.014
0.006
0.043
0.075
0.792
0.872
0.474
0.402
0.859
0.802
0.622
0.794
0.854
0.859
0.817
0.027
0.784
0.936
0.379
0.053
0.642
0.379
0.604
0.706
0.341
0.673
0.784
0.324
0.505
0.285
0.999
0.636
0.842
0.584
0.936
0.98
0.901
0.784
0.379
0.526
0.904
0.39
0.872
0.977
0.488
0.521
0.439
0.985
0.994
0.368
0.717
0.355
0.99
0.394
0.958
0.92
0.06
0.001
0.01
0.004
0.183
0.001
0.115
0.499
0.001
0.124
0.001
0.001
0.001
0.001
0.001
0.005
0.001
0.001
0.04
0.001
0.017
0.117
0.015
0.001
0.04
0.001
0.001
0.227
0.003
0.052
0.157
0.227
0.003
0.141
0.01
0.117
0.001
0.001
0.015
0.004
0.001
0.006
0.047
0.017
0.627
0.002
0.001
0.001
0.01
0.001
0.013
0.006
0.042
0.081
0.796
0.854
0.457
0.392
0.849
0.803
0.615
0.796
0.849
0.849
0.82
0.021
0.782
0.915
0.367
0.058
0.634
0.367
0.606
0.697
0.333
0.657
0.782
0.315
0.475
0.283
1
0.628
0.837
0.564
0.919
0.974
0.871
0.782
0.367
0.508
0.879
0.38
0.854
0.967
0.462
0.498
0.421
0.98
0.997
0.353
0.712
0.341
0.992
0.382
0.947
0.895
0.072
0.001
0.009
0.006
0.168
0.001
0.099
0.498
0.002
0.115
0.001
0.001
0.001
0.001
0.001
0.006
0.001
0.001
0.035
0.001
0.018
0.105
0.017
0.001
0.038
0.001
0.001
0.203
0.005
0.047
0.15
0.203
0.005
0.128
0.009
0.105
0.001
0.001
0.014
0.006
0.001
0.008
0.042
0.018
0.617
0.003
0.001
0.001
0.009
0.001
0.013
0.008
0.039
0.071
0.794
0.872
0.46
0.395
0.863
0.806
0.606
0.794
0.861
0.863
0.826
0.024
0.779
0.924
0.358
0.051
0.629
0.358
0.593
0.698
0.32
0.652
0.779
0.306
0.484
0.269
0.999
0.62
0.85
0.543
0.926
0.972
0.894
0.779
0.358
0.507
0.901
0.369
0.872
0.965
0.471
0.498
0.429
0.984
0.996
0.342
0.707
0.332
0.988
0.375
0.948
0.913
0.06
0.001
0.01
0.005
0.175
0.001
0.111
0.474
0.001
0.124
0.001
0.001
0.001
0.001
0.001
0.005
0.001
0.001
0.043
0.001
0.021
0.115
0.019
0.001
0.047
0.001
0.001
0.204
0.002
0.054
0.149
0.204
0.001
0.136
0.01
0.115
0.001
0.001
0.019
0.005
0.001
0.006
0.05
0.021
0.595
0.001
0.001
0.001
0.009
0.001
0.018
0.006
0.047
0.079
0.78
0.856
0.431
0.373
0.851
0.789
0.582
0.782
0.847
0.851
0.813
0.025
0.772
0.915
0.355
0.055
0.611
0.355
0.563
0.691
0.316
0.656
0.772
0.3
0.454
0.266
1
0.598
0.84
0.523
0.919
0.979
0.881
0.772
0.355
0.478
0.884
0.364
0.856
0.972
0.441
0.474
0.401
0.989
0.996
0.345
0.699
0.33
0.992
0.366
0.954
0.903
0.069
0.001
0.005
0.003
0.169
0.001
0.099
0.506
0.001
0.12
0.001
0.001
0.001
0.001
0.001
0.003
0.001
0.001
0.035
0.001
0.019
0.11
0.018
0.001
0.039
0.001
0.001
0.21
0.003
0.048
0.145
0.21
0.001
0.133
0.005
0.11
0.001
0.001
0.018
0.003
0.001
0.004
0.042
0.02
0.636
0.001
0.001
0.001
0.005
0.001
0.014
0.004
0.04
0.071
0.785
0.851
0.472
0.393
0.84
0.793
0.628
0.785
0.84
0.84
0.803
0.024
0.777
0.924
0.36
0.05
0.64
0.36
0.609
0.697
0.323
0.673
0.777
0.312
0.49
0.261
1
0.637
0.826
0.567
0.925
0.976
0.875
0.777
0.36
0.513
0.883
0.374
0.851
0.965
0.478
0.506
0.424
0.985
0.996
0.356
0.711
0.342
0.987
0.377
0.95
0.905
0.056
0.001
0.009
0.006
0.183
0.001
0.115
0.508
0.002
0.129
0.001
0.001
0.001
0.001
0.001
0.006
0.001
0.001
0.043
0.001
0.023
0.121
0.018
0.001
0.049
0.001
0.001
0.224
0.004
0.066
0.162
0.224
0.004
0.152
0.009
0.121
0.001
0.001
0.018
0.006
0.001
0.007
0.055
0.023
0.616
0.004
0.001
0.001
0.009
0.001
0.012
0.007
0.049
0.087
0.781
0.857
0.467
0.399
0.846
0.793
0.605
0.781
0.845
0.846
0.815
0.032
0.775
0.92
0.376
0.071
0.629
0.376
0.587
0.687
0.336
0.66
0.775
0.32
0.491
0.291
0.999
0.617
0.838
0.553
0.92
0.984
0.879
0.775
0.376
0.515
0.885
0.39
0.857
0.974
0.479
0.508
0.437
0.991
0.996
0.364
0.699
0.35
0.994
0.393
0.955
0.905
0.08
0.001
0.01
0.005
0.147
0.001
0.081
0.456
0.004
0.098
0.001
0.001
0.001
0.001
0.001
0.006
0.001
0.001
0.029
0.001
0.015
0.093
0.015
0.004
0.032
0.001
0.001
0.2
0.005
0.044
0.121
0.2
0.004
0.11
0.01
0.093
0.001
0.001
0.015
0.005
0.001
0.007
0.035
0.015
0.581
0.004
0.001
0.001
0.009
0.001
0.011
0.007
0.034
0.062
0.743
0.832
0.418
0.362
0.821
0.754
0.576
0.745
0.817
0.821
0.768
0.018
0.735
0.898
0.343
0.047
0.593
0.343
0.558
0.658
0.307
0.62
0.735
0.288
0.44
0.25
0.998
0.584
0.796
0.513
0.899
0.976
0.86
0.735
0.343
0.463
0.864
0.35
0.832
0.965
0.428
0.456
0.388
0.982
0.995
0.334
0.668
0.321
0.988
0.351
0.941
0.882
0.055
0.001
0.003
0.002
0.172
0.001
0.105
0.482
0.001
0.116
0.001
0.001
0.001
0.001
0.001
0.002
0.001
0.001
0.036
0.001
0.017
0.111
0.015
0.001
0.042
0.001
0.001
0.207
0.002
0.047
0.148
0.207
0.002
0.135
0.003
0.111
0.001
0.001
0.014
0.002
0.001
0.002
0.045
0.017
0.601
0.001
0.001
0.001
0.002
0.001
0.009
0.002
0.044
0.072
0.762
0.846
0.433
0.367
0.841
0.776
0.592
0.764
0.835
0.841
0.795
0.022
0.754
0.928
0.347
0.052
0.617
0.347
0.577
0.67
0.306
0.635
0.754
0.297
0.466
0.265
0.998
0.603
0.821
0.542
0.928
0.975
0.878
0.754
0.347
0.491
0.88
0.352
0.846
0.97
0.45
0.482
0.401
0.982
0.995
0.335
0.687
0.323
0.986
0.357
0.954
0.907
0.059
0.001
0.006
0.005
0.185
0.001
0.112
0.494
0.003
0.128
0.001
0.001
0.001
0.001
0.001
0.005
0.001
0.001
0.039
0.001
0.017
0.122
0.015
0.003
0.045
0.001
0.001
0.228
0.004
0.059
0.158
0.228
0.003
0.146
0.006
0.122
0.001
0.001
0.014
0.005
0.001
0.005
0.055
0.017
0.617
0.003
0.002
0.001
0.006
0.002
0.011
0.005
0.049
0.09
0.781
0.863
0.45
0.39
0.857
0.793
0.606
0.781
0.856
0.857
0.815
0.02
0.767
0.929
0.365
0.065
0.628
0.365
0.601
0.691
0.333
0.656
0.767
0.316
0.479
0.283
1
0.617
0.843
0.56
0.93
0.976
0.886
0.767
0.365
0.504
0.891
0.376
0.863
0.967
0.459
0.494
0.413
0.981
0.995
0.354
0.71
0.343
0.985
0.379
0.943
0.911
0.077
0.001
0.014
0.009
0.181
0.001
0.124
0.465
0.002
0.134
0.001
0.001
0.001
0.001
0.001
0.01
0.001
0.001
0.052
0.001
0.025
0.126
0.02
0.002
0.053
0.001
0.001
0.21
0.007
0.062
0.164
0.21
0.005
0.155
0.014
0.126
0.001
0.001
0.02
0.009
0.001
0.012
0.058
0.025
0.588
0.003
0.001
0.001
0.014
0.001
0.018
0.012
0.053
0.09
0.768
0.855
0.419
0.366
0.844
0.778
0.583
0.768
0.841
0.844
0.803
0.031
0.747
0.934
0.346
0.065
0.6
0.346
0.572
0.672
0.312
0.637
0.748
0.295
0.449
0.267
1
0.589
0.831
0.531
0.936
0.978
0.889
0.747
0.346
0.481
0.893
0.358
0.855
0.969
0.434
0.464
0.387
0.989
1
0.331
0.682
0.319
0.993
0.36
0.961
0.911
0.077
0.001
0.003
0.002
0.163
0.001
0.104
0.49
0.001
0.116
0.001
0.001
0.001
0.001
0.001
0.002
0.001
0.001
0.041
0.001
0.018
0.107
0.017
0.001
0.042
0.001
0.001
0.204
0.002
0.049
0.149
0.204
0.002
0.134
0.003
0.107
0.001
0.001
0.016
0.002
0.001
0.002
0.045
0.018
0.615
0.001
0.001
0.001
0.002
0.001
0.011
0.002
0.043
0.08
0.766
0.849
0.436
0.381
0.844
0.781
0.604
0.767
0.843
0.844
0.799
0.022
0.756
0.919
0.357
0.052
0.625
0.357
0.588
0.677
0.319
0.646
0.756
0.293
0.474
0.254
0.998
0.62
0.828
0.545
0.921
0.98
0.869
0.756
0.357
0.497
0.879
0.372
0.849
0.968
0.454
0.49
0.405
0.99
0.997
0.338
0.689
0.327
0.991
0.374
0.95
0.898
0.067
0.001
0.008
0.003
0.17
0.001
0.102
0.526
0.001
0.12
0.001
0.001
0.001
0.001
0.001
0.003
0.001
0.001
0.041
0.001
0.014
0.11
0.012
0.001
0.042
0.001
0.001
0.201
0.003
0.052
0.15
0.201
0.003
0.136
0.008
0.11
0.001
0.001
0.01
0.003
0.001
0.004
0.046
0.014
0.65
0.002
0.001
0.001
0.005
0.001
0.01
0.004
0.044
0.078
0.796
0.869
0.48
0.396
0.866
0.81
0.642
0.797
0.865
0.866
0.825
0.019
0.785
0.939
0.374
0.055
0.661
0.374
0.63
0.712
0.331
0.68
0.785
0.312
0.513
0.266
0.999
0.655
0.854
0.592
0.942
0.982
0.892
0.785
0.374
0.531
0.898
0.385
0.869
0.976
0.489
0.526
0.446
0.989
0.998
0.354
0.72
0.341
0.991
0.389
0.962
0.921
0.066
0.001
0.011
0.006
0.188
0.001
0.116
0.493
0.003
0.131
0.001
0.001
0.001
0.001
0.001
0.009
0.001
0.001
0.038
0.001
0.02
0.121
0.02
0.002
0.044
0.001
0.001
0.216
0.006
0.051
0.169
0.216
0.006
0.151
0.011
0.121
0.001
0.001
0.018
0.006
0.001
0.01
0.047
0.02
0.602
0.004
0.001
0.001
0.011
0.001
0.014
0.01
0.044
0.086
0.77
0.864
0.462
0.392
0.855
0.776
0.593
0.771
0.849
0.855
0.793
0.024
0.756
0.925
0.366
0.06
0.612
0.366
0.579
0.675
0.321
0.641
0.756
0.301
0.485
0.267
0.999
0.603
0.831
0.542
0.928
0.98
0.894
0.756
0.366
0.499
0.905
0.375
0.864
0.973
0.468
0.493
0.426
0.986
0.996
0.352
0.685
0.336
0.991
0.378
0.956
0.917
0.073
0.001
0.007
0.006
0.184
0.001
0.099
0.519
0.002
0.116
0.001
0.001
0.001
0.001
0.001
0.006
0.001
0.001
0.035
0.001
0.021
0.107
0.017
0.002
0.038
0.001
0.001
0.232
0.005
0.042
0.161
0.232
0.005
0.138
0.007
0.107
0.001
0.001
0.016
0.006
0.001
0.007
0.04
0.021
0.637
0.002
0.001
0.001
0.007
0.001
0.01
0.007
0.039
0.065
0.799
0.862
0.467
0.409
0.855
0.807
0.631
0.799
0.854
0.855
0.821
0.024
0.788
0.922
0.389
0.047
0.653
0.389
0.611
0.713
0.349
0.678
0.788
0.338
0.504
0.291
0.999
0.64
0.837
0.567
0.922
0.975
0.878
0.788
0.389
0.525
0.883
0.395
0.862
0.971
0.478
0.519
0.436
0.987
0.998
0.377
0.723
0.363
0.991
0.402
0.946
0.901
0.057
0.001
0.01
0.008
0.163
0.001
0.094
0.483
0.002
0.106
0.001
0.001
0.001
0.001
0.001
0.009
0.001
0.001
0.038
0.001
0.015
0.1
0.014
0.001
0.043
0.001
0.001
0.197
0.007
0.051
0.136
0.197
0.005
0.125
0.01
0.1
0.001
0.001
0.013
0.008
0.001
0.01
0.047
0.016
0.6
0.004
0.001
0.001
0.01
0.001
0.012
0.01
0.044
0.077
0.758
0.846
0.442
0.372
0.838
0.774
0.59
0.759
0.835
0.838
0.791
0.02
0.749
0.915
0.358
0.053
0.622
0.358
0.579
0.676
0.318
0.644
0.749
0.304
0.468
0.256
0.998
0.604
0.818
0.543
0.918
0.98
0.874
0.749
0.358
0.491
0.88
0.364
0.846
0.971
0.456
0.483
0.408
0.984
0.997
0.344
0.688
0.33
0.988
0.366
0.948
0.902
0.065
0.001
0.016
0.008
0.187
0.001
0.114
0.495
0.001
0.124
0.001
0.001
0.001
0.001
0.001
0.012
0.001
0.001
0.048
0.001
0.027
0.12
0.027
0.001
0.051
0.001
0.001
0.214
0.006
0.059
0.162
0.214
0.004
0.145
0.017
0.12
0.001
0.001
0.027
0.008
0.001
0.014
0.054
0.027
0.603
0.002
0.001
0.001
0.016
0.001
0.024
0.014
0.052
0.088
0.771
0.862
0.468
0.394
0.846
0.783
0.595
0.771
0.842
0.846
0.801
0.029
0.753
0.932
0.371
0.061
0.616
0.371
0.581
0.676
0.334
0.636
0.755
0.314
0.483
0.277
1
0.603
0.824
0.547
0.935
0.987
0.887
0.753
0.371
0.5
0.896
0.382
0.862
0.978
0.472
0.495
0.426
0.991
0.998
0.361
0.689
0.346
0.995
0.383
0.962
0.912
0.074
0.001
0.009
0.007
0.172
0.001
0.09
0.494
0.001
0.106
0.001
0.001
0.001
0.001
0.001
0.007
0.001
0.001
0.032
0.001
0.018
0.095
0.017
0.001
0.037
0.001
0.001
0.209
0.005
0.045
0.136
0.209
0.004
0.124
0.009
0.095
0.001
0.001
0.015
0.007
0.001
0.007
0.041
0.018
0.595
0.001
0.001
0.001
0.007
0.001
0.014
0.007
0.038
0.068
0.761
0.842
0.461
0.402
0.835
0.767
0.587
0.761
0.833
0.835
0.792
0.019
0.748
0.913
0.376
0.046
0.606
0.376
0.574
0.676
0.326
0.639
0.748
0.308
0.482
0.259
0.999
0.596
0.819
0.539
0.914
0.982
0.873
0.748
0.376
0.502
0.878
0.386
0.842
0.975
0.475
0.494
0.433
0.99
0.996
0.361
0.684
0.344
0.993
0.388
0.948
0.899
0.056
