0.305
0.321
0.295
0.309
0.439
0.886
0.485
0.294
0.292
0.629
0.291
0.371
0.291
0.289
0.283
0.295
0.315
0.291
0.292
0.294
0.284
0.417
0.285
0.298
0.283
0.282
0.378
0.301
0.452
0.3
0.911
0.55
0.315
0.357
0.51
0.312
0.317
0.53
0.353
0.366
0.284
0.51
0.827
0.286
0.315
0.294
0.291
0.293
0.3
0.3
0.283
0.283
0.282
0.403
0.282
0.312
0.291
0.294
0.293
0.312
0.362
0.788
0.285
0.37
0.321
0.429
0.295
0.289
0.295
0.361
0.427
0.336
0.356
0.314
0.292
0.293
0.328
0.312
0.434
0.368
0.292
0.302
0.294
0.29
0.336
0.292
0.292
0.294
0.303
0.294
0.294
0.289
0.293
0.298
0.301
0.293
0.332
0.302
0.292
0.301
0.301
0.294
0.289
0.294
0.289
0.3
0.291
0.292
0.282
0.292
0.356
0.271
0.388
0.356
0.284
0.565
0.294
0.291
0.284
0.301
0.402
0.302
0.286
0.286
0.329
0.293
0.292
0.294
0.291
0.289
0.35
0.315
0.323
0.332
0.282
0.282
0.29
0.339
0.273
0.286
0.289
0.291
0.293
0.284
0.294
0.289
0.29
0.291
0.284
0.301
0.653
0.281
0.294
0.283
0.293
0.292
0.282
0.302
0.294
0.285
0.282
0.285
0.286
0.281
0.289
0.294
0.273
0.286
0.293
0.281
0.336
0.268
0.289
0.289
0.272
0.319
0.312
0.331
0.281
0.273
0.282
0.294
0.285
0.292
0.289
0.315
0.284
0.335
0.339
0.332
0.289
0.378
0.271
0.282
0.311
0.295
0.275
0.438
0.286
0.296
0.289
0.285
0.294
0.289
0.271
0.299
0.298
0.282
0.285
0.286
0.3
0.291
0.289
0.427
0.293
0.285
0.273
0.542
0.289
0.294
0.293
0.463
0.289
0.293
0.291
0.295
0.286
0.289
0.271
0.292
0.289
0.282
0.289
0.312
0.298
0.27
0.301
0.283
0.311
0.289
0.291
0.302
0.293
0.291
0.289
0.369
0.312
0.301
0.011
0.284
0.289
0.284
0.27
0.291
0.285
0.302
0.289
0.294
0.292
0.292
0.291
0.294
0.281
0.294
0.281
0.011
0.297
0.332
0.284
0.293
0.294
0.285
0.27
0.285
0.332
0.285
0.282
0.285
0.291
0.285
0.293
0.293
0.282
0.282
0.292
0.011
0.291
0.285
0.283
0.285
0.284
0.289
0.271
0.292
0.293
0.286
0.273
0.271
0.269
0.281
0.271
0.289
0.285
0.294
0.294
0.285
0.281
0.283
0.292
0.291
0.285
0.337
0.29
0.3
0.398
0.356
0.295
0.487
0.755
0.292
0.437
0.901
0.826
0.285
0.306
0.293
0.27
0.342
0.362
0.285
0.271
0.285
0.285
0.282
0.271
0.271
0.317
0.302
0.294
0.327
0.336
0.32
0.329
0.46
0.897
0.513
0.32
0.317
0.635
0.317
0.382
0.317
0.315
0.308
0.32
0.332
0.317
0.318
0.32
0.311
0.437
0.314
0.32
0.308
0.305
0.399
0.323
0.474
0.321
0.919
0.568
0.333
0.366
0.537
0.331
0.336
0.555
0.362
0.374
0.311
0.539
0.842
0.315
0.333
0.32
0.317
0.319
0.321
0.321
0.308
0.308
0.305
0.428
0.305
0.332
0.317
0.32
0.319
0.331
0.371
0.794
0.314
0.381
0.336
0.448
0.32
0.315
0.32
0.37
0.444
0.349
0.364
0.332
0.317
0.319
0.338
0.332
0.454
0.376
0.318
0.323
0.32
0.317
0.349
0.318
0.317
0.32
0.324
0.32
0.32
0.315
0.319
0.32
0.322
0.319
0.347
0.324
0.317
0.321
0.321
0.32
0.315
0.32
0.315
0.321
0.317
0.317
0.305
0.317
0.364
0.288
0.412
0.364
0.311
0.59
0.32
0.317
0.311
0.323
0.427
0.323
0.315
0.315
0.338
0.319
0.317
0.32
0.317
0.315
0.36
0.332
0.336
0.342
0.305
0.305
0.317
0.352
0.292
0.315
0.315
0.317
0.32
0.311
0.32
0.315
0.317
0.317
0.311
0.321
0.655
0.302
0.32
0.308
0.319
0.318
0.305
0.324
0.32
0.314
0.305
0.314
0.315
0.301
0.315
0.32
0.292
0.315
0.319
0.302
0.349
0.287
0.315
0.315
0.29
0.336
0.332
0.341
0.301
0.292
0.305
0.32
0.314
0.317
0.315
0.333
0.311
0.349
0.352
0.343
0.315
0.403
0.288
0.305
0.33
0.32
0.3
0.458
0.315
0.32
0.315
0.314
0.32
0.315
0.288
0.321
0.32
0.305
0.314
0.315
0.321
0.317
0.315
0.447
0.319
0.314
0.292
0.562
0.315
0.32
0.319
0.491
0.315
0.32
0.317
0.32
0.315
0.315
0.287
0.317
0.315
0.305
0.315
0.332
0.32
0.287
0.323
0.305
0.33
0.315
0.317
0.324
0.32
0.317
0.315
0.379
0.331
0.323
0.009
0.311
0.315
0.31
0.287
0.317
0.314
0.323
0.315
0.32
0.318
0.318
0.317
0.32
0.305
0.32
0.305
0.009
0.32
0.347
0.311
0.319
0.32
0.314
0.287
0.314
0.343
0.314
0.305
0.314
0.317
0.314
0.319
0.32
0.305
0.305
0.317
0.009
0.317
0.314
0.308
0.314
0.311
0.315
0.288
0.317
0.32
0.315
0.292
0.287
0.287
0.302
0.287
0.315
0.315
0.32
0.32
0.314
0.302
0.305
0.317
0.317
0.314
0.35
0.317
0.321
0.417
0.364
0.32
0.514
0.755
0.317
0.456
0.913
0.833
0.314
0.328
0.32
0.287
0.354
0.371
0.314
0.287
0.314
0.314
0.305
0.287
0.287
0.336
0.323
0.32
0.308
0.317
0.305
0.311
0.431
0.88
0.476
0.305
0.301
0.618
0.301
0.371
0.3
0.3
0.297
0.305
0.313
0.301
0.303
0.304
0.3
0.408
0.3
0.306
0.297
0.294
0.382
0.307
0.448
0.306
0.909
0.554
0.314
0.358
0.512
0.311
0.316
0.535
0.35
0.367
0.3
0.515
0.797
0.3
0.314
0.305
0.301
0.304
0.306
0.306
0.297
0.297
0.294
0.399
0.294
0.311
0.3
0.305
0.304
0.311
0.361
0.742
0.3
0.371
0.317
0.42
0.305
0.3
0.306
0.359
0.413
0.33
0.353
0.313
0.303
0.304
0.321
0.311
0.428
0.367
0.303
0.307
0.304
0.3
0.329
0.303
0.301
0.304
0.308
0.305
0.304
0.3
0.304
0.306
0.307
0.304
0.327
0.308
0.303
0.307
0.307
0.304
0.3
0.304
0.3
0.306
0.301
0.301
0.294
0.301
0.356
0.282
0.39
0.353
0.3
0.572
0.304
0.301
0.3
0.307
0.399
0.307
0.3
0.3
0.322
0.304
0.301
0.305
0.301
0.3
0.346
0.313
0.317
0.325
0.294
0.294
0.3
0.331
0.283
0.3
0.3
0.3
0.304
0.3
0.304
0.3
0.3
0.3
0.3
0.307
0.632
0.292
0.305
0.297
0.304
0.303
0.294
0.308
0.305
0.3
0.294
0.3
0.3
0.292
0.3
0.305
0.283
0.3
0.303
0.292
0.33
0.28
0.3
0.3
0.283
0.317
0.311
0.324
0.292
0.283
0.294
0.305
0.3
0.303
0.3
0.314
0.3
0.327
0.331
0.325
0.3
0.383
0.282
0.294
0.311
0.306
0.288
0.43
0.3
0.306
0.3
0.3
0.305
0.3
0.282
0.306
0.306
0.294
0.3
0.3
0.306
0.3
0.3
0.417
0.304
0.3
0.283
0.548
0.3
0.305
0.304
0.457
0.3
0.304
0.3
0.306
0.3
0.3
0.282
0.302
0.3
0.294
0.3
0.311
0.306
0.282
0.307
0.294
0.311
0.3
0.301
0.308
0.304
0.301
0.3
0.371
0.311
0.307
0.008
0.3
0.3
0.3
0.281
0.301
0.3
0.307
0.3
0.305
0.303
0.303
0.301
0.305
0.293
0.304
0.293
0.008
0.306
0.327
0.3
0.304
0.304
0.3
0.281
0.3
0.325
0.3
0.294
0.3
0.3
0.3
0.304
0.304
0.294
0.294
0.301
0.008
0.3
0.3
0.297
0.3
0.3
0.3
0.282
0.303
0.304
0.3
0.283
0.282
0.281
0.292
0.282
0.3
0.3
0.305
0.305
0.3
0.292
0.294
0.303
0.301
0.3
0.33
0.3
0.306
0.396
0.353
0.306
0.478
0.712
0.301
0.428
0.897
0.793
0.3
0.308
0.304
0.281
0.334
0.36
0.3
0.282
0.3
0.3
0.294
0.282
0.282
0.316
0.307
0.304
